userId,movieId,true_rating,pred_rating,error,abs_error
1,3578,5.0,5.0,0.0,0.0
1,1127,4.0,4.0,0.0,0.0
1,157,5.0,4.0,-1.0,1.0
1,2617,2.0,4.0,2.0,2.0
1,260,5.0,5.0,0.0,0.0
2,122882,5.0,4.0,-1.0,1.0
2,80906,5.0,4.5,-0.5,0.5
2,74458,4.0,4.0,0.0,0.0
2,106782,5.0,4.0,-1.0,1.0
2,58559,4.5,4.0,-0.5,0.5
3,6835,5.0,5.0,0.0,0.0
3,26409,4.5,2.5,-2.0,2.0
3,720,0.5,3.0,2.5,2.5
3,1371,3.0,2.5,-0.5,0.5
3,5764,4.5,4.5,0.0,0.0
4,4239,5.0,4.0,-1.0,1.0
4,4896,4.0,4.0,0.0,0.0
4,2390,5.0,4.0,-1.0,1.0
4,3489,1.0,3.0,2.0,2.0
4,232,5.0,4.0,-1.0,1.0
5,590,5.0,4.0,-1.0,1.0
5,364,3.0,4.0,1.0,1.0
5,367,4.0,3.0,-1.0,1.0
5,589,3.0,4.0,1.0,1.0
5,534,3.0,4.0,1.0,1.0
6,296,2.0,4.0,2.0,2.0
6,62,4.0,4.0,0.0,0.0
6,508,4.0,4.0,0.0,0.0
6,146,4.0,3.0,-1.0,1.0
6,609,4.0,3.5,-0.5,0.5
7,4370,4.5,3.0,-1.5,1.5
7,48997,2.5,3.0,0.5,0.5
7,7143,4.5,4.0,-0.5,0.5
7,5459,3.0,3.0,0.0,0.0
7,34048,3.0,2.5,-0.5,0.5
8,356,3.0,4.0,1.0,1.0
8,527,5.0,5.0,0.0,0.0
8,339,3.0,3.0,0.0,0.0
8,590,5.0,4.0,-1.0,1.0
8,317,3.0,3.0,0.0,0.0
9,5952,5.0,4.0,-1.0,1.0
9,5218,4.0,3.5,-0.5,0.5
9,5378,3.0,3.0,0.0,0.0
9,6001,4.0,4.0,0.0,0.0
9,5890,4.0,4.0,0.0,0.0
10,88810,3.0,3.5,0.5,0.5
10,54286,3.5,3.5,0.0,0.0
10,6377,3.5,3.5,0.0,0.0
10,97938,1.0,3.5,2.5,2.5
10,7458,5.0,3.5,-1.5,1.5
11,1693,5.0,4.0,-1.0,1.0
11,1917,4.0,3.5,-0.5,0.5
11,6,5.0,4.0,-1.0,1.0
11,1573,3.0,4.0,1.0,1.0
11,110,5.0,4.0,-1.0,1.0
12,8533,5.0,4.5,-0.5,0.5
12,1876,3.5,4.0,0.5,0.5
12,3668,5.0,4.5,-0.5,0.5
12,2100,3.5,4.0,0.5,0.5
12,830,4.0,4.0,0.0,0.0
13,3977,3.0,3.0,0.0,0.0
13,3513,3.0,3.0,0.0,0.0
13,3863,4.0,3.5,-0.5,0.5
13,3624,4.0,3.5,-0.5,0.5
13,1721,4.0,4.0,0.0,0.0
14,383,4.0,3.0,-1.0,1.0
14,552,3.0,3.0,0.0,0.0
14,377,3.0,3.0,0.0,0.0
14,590,4.0,4.0,0.0,0.0
14,367,1.0,3.0,2.0,2.0
15,84152,5.0,4.0,-1.0,1.0
15,5618,3.0,4.0,1.0,1.0
15,96610,3.0,3.5,0.5,0.5
15,858,4.0,4.5,0.5,0.5
15,2762,3.0,3.5,0.5,0.5
16,2707,3.5,3.5,0.0,0.0
16,1219,3.0,4.0,1.0,1.0
16,68954,4.0,4.0,0.0,0.0
16,858,2.5,4.0,1.5,1.5
16,5618,4.5,4.0,-0.5,0.5
17,1100,3.5,3.5,0.0,0.0
17,2762,4.0,4.0,0.0,0.0
17,2717,3.5,3.5,0.0,0.0
17,1405,4.0,3.5,-0.5,0.5
17,1252,4.0,4.5,0.5,0.5
18,8798,4.0,4.0,0.0,0.0
18,1059,3.5,4.0,0.5,0.5
18,33794,4.5,4.0,-0.5,0.5
18,2410,3.5,3.0,-0.5,0.5
18,1260,4.0,4.0,0.0,0.0
19,2581,3.0,2.5,-0.5,0.5
19,852,4.0,3.0,-1.0,1.0
19,329,2.0,3.0,1.0,1.0
19,3101,1.0,2.0,1.0,1.0
19,3273,2.0,2.0,0.0,0.0
20,837,4.0,3.5,-0.5,0.5
20,158,3.0,3.0,0.0,0.0
20,4022,3.5,4.0,0.5,0.5
20,5299,4.0,3.5,-0.5,0.5
20,6297,4.0,3.5,-0.5,0.5
21,103335,4.0,3.5,-0.5,0.5
21,4701,3.5,3.5,0.0,0.0
21,2273,3.5,3.5,0.0,0.0
21,108945,3.0,2.5,-0.5,0.5
21,2288,0.5,3.5,3.0,3.0
22,6874,4.0,3.0,-1.0,1.0
22,52281,0.5,3.0,2.5,2.5
22,356,5.0,4.0,-1.0,1.0
22,5464,2.0,3.0,1.0,1.0
22,3949,0.5,3.0,2.5,2.5
23,1232,5.0,3.5,-1.5,1.5
23,1243,3.5,4.0,0.5,0.5
23,58,3.0,4.0,1.0,1.0
23,1284,5.0,4.0,-1.0,1.0
23,1050,3.5,4.0,0.5,0.5
24,52973,3.5,4.0,0.5,0.5
24,552,3.5,3.5,0.0,0.0
24,253,3.5,3.5,0.0,0.0
24,61024,3.5,3.5,0.0,0.0
24,8784,3.0,4.0,1.0,1.0
25,5952,5.0,5.0,0.0,0.0
25,79132,5.0,5.0,0.0,0.0
25,231,4.0,4.0,0.0,0.0
25,187541,4.0,4.0,0.0,0.0
25,59315,4.0,4.5,0.5,0.5
26,10,3.0,3.0,0.0,0.0
26,454,4.0,3.0,-1.0,1.0
26,380,3.0,3.0,0.0,0.0
26,34,3.0,3.5,0.5,0.5
26,225,3.0,3.0,0.0,0.0
27,2530,3.0,3.0,0.0,0.0
27,1588,2.0,3.0,1.0,1.0
27,2876,2.0,2.0,0.0,0.0
27,648,4.0,4.0,0.0,0.0
27,1101,4.0,3.0,-1.0,1.0
28,59129,2.5,2.0,-0.5,0.5
28,1047,3.5,3.0,-0.5,0.5
28,1729,2.5,3.0,0.5,0.5
28,34437,3.5,3.0,-0.5,0.5
28,63062,3.0,3.0,0.0,0.0
29,1303,4.5,4.5,0.0,0.0
29,50,3.5,4.5,1.0,1.0
29,1213,4.0,4.5,0.5,0.5
29,1385,2.0,3.5,1.5,1.5
29,1201,5.0,4.0,-1.0,1.0
30,33794,5.0,5.0,0.0,0.0
30,68358,5.0,5.0,0.0,0.0
30,108932,4.0,5.0,1.0,1.0
30,97913,4.0,4.5,0.5,0.5
30,1210,5.0,5.0,0.0,0.0
31,605,4.0,3.0,-1.0,1.0
31,1278,5.0,4.0,-1.0,1.0
31,1197,5.0,5.0,0.0,0.0
31,1363,5.0,4.0,-1.0,1.0
31,736,4.0,4.0,0.0,0.0
32,272,5.0,4.0,-1.0,1.0
32,784,3.0,3.0,0.0,0.0
32,719,3.0,3.0,0.0,0.0
32,527,4.0,4.0,0.0,0.0
32,376,3.0,3.0,0.0,0.0
33,1580,3.0,4.0,1.0,1.0
33,994,5.0,4.0,-1.0,1.0
33,1271,3.0,3.5,0.5,0.5
33,1183,3.0,4.0,1.0,1.0
33,1777,4.0,4.0,0.0,0.0
34,8622,2.0,3.5,1.5,1.5
34,10,5.0,3.5,-1.5,1.5
34,6874,5.0,4.0,-1.0,1.0
34,2424,1.0,2.5,1.5,1.5
34,1391,1.0,3.0,2.0,2.0
35,266,2.0,4.0,2.0,2.0
35,231,3.0,3.0,0.0,0.0
35,11,4.0,4.0,0.0,0.0
35,222,4.0,4.0,0.0,0.0
35,316,3.0,4.0,1.0,1.0
36,25,2.5,3.0,0.5,0.5
36,552,2.0,2.0,0.0,0.0
36,2406,3.0,3.0,0.0,0.0
36,3363,4.5,3.0,-1.5,1.5
36,1094,1.5,3.0,1.5,1.5
37,150,5.0,4.0,-1.0,1.0
37,661,3.0,4.0,1.0,1.0
37,592,3.0,4.0,1.0,1.0
37,153,3.0,3.5,0.5,0.5
37,329,3.0,4.0,1.0,1.0
38,318,5.0,5.0,0.0,0.0
38,11,5.0,3.0,-2.0,2.0
38,329,3.0,3.0,0.0,0.0
38,161,4.0,3.0,-1.0,1.0
38,151,5.0,3.0,-2.0,2.0
39,2858,5.0,5.0,0.0,0.0
39,1584,5.0,4.0,-1.0,1.0
39,2137,1.0,4.0,3.0,3.0
39,1287,4.0,4.0,0.0,0.0
39,1282,1.0,4.0,3.0,3.0
40,186,3.0,3.0,0.0,0.0
40,339,3.0,4.0,1.0,1.0
40,318,5.0,5.0,0.0,0.0
40,266,4.0,4.0,0.0,0.0
40,235,4.0,4.0,0.0,0.0
41,116897,5.0,4.0,-1.0,1.0
41,139385,4.0,3.5,-0.5,0.5
41,50872,4.0,3.5,-0.5,0.5
41,86882,3.5,3.5,0.0,0.0
41,750,2.0,4.0,2.0,2.0
42,2502,5.0,5.0,0.0,0.0
42,485,3.0,3.0,0.0,0.0
42,3301,4.0,4.0,0.0,0.0
42,2421,2.0,3.0,1.0,1.0
42,3173,4.0,3.0,-1.0,1.0
43,502,5.0,4.5,-0.5,0.5
43,8,5.0,4.5,-0.5,0.5
43,271,5.0,4.5,-0.5,0.5
43,419,5.0,4.0,-1.0,1.0
43,47,4.0,5.0,1.0,1.0
44,786,2.0,3.0,1.0,1.0
44,1393,4.0,4.0,0.0,0.0
44,785,3.0,3.5,0.5,0.5
44,1476,5.0,4.0,-1.0,1.0
44,737,5.0,3.0,-2.0,2.0
45,2081,5.0,4.0,-1.0,1.0
45,4993,5.0,5.0,0.0,0.0
45,292,4.0,4.0,0.0,0.0
45,2124,4.0,4.0,0.0,0.0
45,1005,2.0,3.0,1.0,1.0
46,318,4.0,5.0,1.0,1.0
46,208,3.0,3.5,0.5,0.5
46,160,4.0,4.0,0.0,0.0
46,339,5.0,4.0,-1.0,1.0
46,50,5.0,5.0,0.0,0.0
47,96811,4.0,3.5,-0.5,0.5
47,8533,3.5,3.0,-0.5,0.5
47,2291,2.5,3.0,0.5,0.5
47,111921,3.5,3.0,-0.5,0.5
47,3408,3.0,3.0,0.0,0.0
48,8371,4.0,4.0,0.0,0.0
48,2081,4.5,4.0,-0.5,0.5
48,5349,4.0,4.0,0.0,0.0
48,2194,4.0,4.0,0.0,0.0
48,1485,4.0,4.0,0.0,0.0
49,110,4.0,4.5,0.5,0.5
49,109487,4.5,4.5,0.0,0.0
49,79132,4.5,4.5,0.0,0.0
49,318,4.0,4.5,0.5,0.5
49,2571,4.5,4.5,0.0,0.0
50,170875,1.0,2.0,1.0,1.0
50,596,2.0,3.0,1.0,1.0
50,1566,2.5,3.0,0.5,0.5
50,1721,3.0,3.0,0.0,0.0
50,1079,2.5,3.0,0.5,0.5
51,3363,4.5,4.5,0.0,0.0
51,597,3.5,4.0,0.5,0.5
51,4886,4.0,4.5,0.5,0.5
51,5816,5.0,4.0,-1.0,1.0
51,924,5.0,5.0,0.0,0.0
52,48738,4.5,5.0,0.5,0.5
52,36529,5.0,4.5,-0.5,0.5
52,4901,5.0,4.0,-1.0,1.0
52,8874,5.0,5.0,0.0,0.0
52,96811,5.0,4.5,-0.5,0.5
53,203,5.0,4.5,-0.5,0.5
53,2686,5.0,5.0,0.0,0.0
53,1982,5.0,5.0,0.0,0.0
53,249,5.0,5.0,0.0,0.0
53,922,5.0,5.0,0.0,0.0
54,595,3.0,3.0,0.0,0.0
54,339,3.0,3.0,0.0,0.0
54,588,3.0,3.0,0.0,0.0
54,377,3.0,3.0,0.0,0.0
54,161,3.0,3.0,0.0,0.0
55,2278,3.0,3.0,0.0,0.0
55,2890,4.0,3.5,-0.5,0.5
55,186,0.5,1.0,0.5,0.5
55,48516,5.0,4.0,-1.0,1.0
55,2427,0.5,1.0,0.5,0.5
56,480,5.0,4.0,-1.0,1.0
56,329,3.0,4.0,1.0,1.0
56,333,3.0,4.0,1.0,1.0
56,733,4.0,4.0,0.0,0.0
56,420,3.0,3.0,0.0,0.0
57,3773,1.0,2.0,1.0,1.0
57,260,5.0,4.0,-1.0,1.0
57,924,5.0,4.0,-1.0,1.0
57,537,3.0,3.0,0.0,0.0
57,587,2.0,3.5,1.5,1.5
58,265,4.0,4.0,0.0,0.0
58,357,3.0,4.5,1.5,1.5
58,21,4.0,4.0,0.0,0.0
58,292,4.0,4.0,0.0,0.0
58,276,2.0,4.0,2.0,2.0
59,2076,5.0,5.0,0.0,0.0
59,541,5.0,5.0,0.0,0.0
59,111,5.0,5.0,0.0,0.0
59,3462,5.0,4.5,-0.5,0.5
59,1944,4.0,4.5,0.5,0.5
60,48,3.0,3.5,0.5,0.5
60,1562,3.0,3.0,0.0,0.0
60,805,4.0,4.0,0.0,0.0
60,50,3.0,4.0,1.0,1.0
60,2150,4.0,4.0,0.0,0.0
61,6874,4.0,4.5,0.5,0.5
61,7438,4.0,4.0,0.0,0.0
61,235,4.0,4.0,0.0,0.0
61,1101,1.5,3.5,2.0,2.0
61,5952,4.5,4.0,-0.5,0.5
62,63992,1.0,3.5,2.5,2.5
62,1704,5.0,4.5,-0.5,0.5
62,858,5.0,4.5,-0.5,0.5
62,122896,3.5,4.0,0.5,0.5
62,3948,4.0,4.0,0.0,0.0
63,592,4.0,3.0,-1.0,1.0
63,3751,4.0,4.0,0.0,0.0
63,1682,3.5,4.0,0.5,0.5
63,4014,2.5,3.5,1.0,1.0
63,32587,5.0,4.0,-1.0,1.0
64,3396,4.0,4.0,0.0,0.0
64,32587,4.5,4.0,-0.5,0.5
64,6944,3.5,3.5,0.0,0.0
64,1396,3.5,3.5,0.0,0.0
64,33683,4.0,4.0,0.0,0.0
65,36529,4.0,4.0,0.0,0.0
65,48780,4.5,4.0,-0.5,0.5
65,91542,4.5,4.0,-0.5,0.5
65,89774,4.0,4.0,0.0,0.0
65,3147,4.5,4.5,0.0,0.0
66,2858,5.0,4.5,-0.5,0.5
66,2115,3.0,4.0,1.0,1.0
66,3481,4.5,4.0,-0.5,0.5
66,3072,4.0,4.0,0.0,0.0
66,7127,3.5,3.5,0.0,0.0
67,152081,4.0,4.0,0.0,0.0
67,2329,3.0,4.0,1.0,1.0
67,6539,4.5,4.0,-0.5,0.5
67,27193,5.0,4.0,-1.0,1.0
67,2959,4.5,4.0,-0.5,0.5
68,368,4.0,3.5,-0.5,0.5
68,56587,3.0,3.5,0.5,0.5
68,207,4.0,3.0,-1.0,1.0
68,4896,5.0,3.5,-1.5,1.5
68,3476,2.0,3.5,1.5,1.5
69,4643,4.0,4.0,0.0,0.0
69,2762,5.0,5.0,0.0,0.0
69,2951,5.0,5.0,0.0,0.0
69,4880,5.0,5.0,0.0,0.0
69,4022,4.0,4.0,0.0,0.0
70,4995,4.5,4.5,0.0,0.0
70,55820,4.0,4.5,0.5,0.5
70,36,5.0,4.0,-1.0,1.0
70,63082,5.0,4.5,-0.5,0.5
70,376,1.5,4.0,2.5,2.5
71,1004,3.0,3.0,0.0,0.0
71,608,2.0,4.0,2.0,2.0
71,837,4.0,3.0,-1.0,1.0
71,788,4.0,3.0,-1.0,1.0
71,647,4.0,3.0,-1.0,1.0
72,2805,3.5,3.5,0.0,0.0
72,1198,4.5,4.5,0.0,0.0
72,1210,4.5,4.5,0.0,0.0
72,30825,4.0,3.5,-0.5,0.5
72,2427,4.5,4.0,-0.5,0.5
73,5299,3.0,3.5,0.5,0.5
73,109374,5.0,4.0,-1.0,1.0
73,58047,4.5,4.0,-0.5,0.5
73,128520,3.5,4.0,0.5,0.5
73,45720,4.0,4.0,0.0,0.0
74,1103,5.0,4.5,-0.5,0.5
74,2300,5.0,4.5,-0.5,0.5
74,39292,4.5,4.0,-0.5,0.5
74,1247,4.0,5.0,1.0,1.0
74,3481,3.5,4.0,0.5,0.5
75,1204,3.5,4.0,0.5,0.5
75,47,2.0,4.0,2.0,2.0
75,3034,4.0,3.0,-1.0,1.0
75,260,5.0,4.0,-1.0,1.0
75,5008,4.0,4.0,0.0,0.0
76,2858,4.0,4.0,0.0,0.0
76,41566,1.5,3.0,1.5,1.5
76,158,0.5,1.0,0.5,0.5
76,1682,2.5,3.5,1.0,1.0
76,953,2.0,3.5,1.5,1.5
77,79132,2.5,4.5,2.0,2.0
77,5952,5.0,4.5,-0.5,0.5
77,5349,5.0,4.0,-1.0,1.0
77,8636,5.0,4.5,-0.5,0.5
77,4226,2.5,4.5,2.0,2.0
78,1,4.0,4.0,0.0,0.0
78,260,3.5,4.0,0.5,0.5
78,3826,2.5,2.0,-0.5,0.5
78,1370,4.0,3.0,-1.0,1.0
78,466,3.0,3.0,0.0,0.0
79,3062,4.0,4.0,0.0,0.0
79,3425,4.0,4.0,0.0,0.0
79,6,4.0,4.0,0.0,0.0
79,2659,2.0,2.0,0.0,0.0
79,377,4.0,4.0,0.0,0.0
80,53322,4.0,4.5,0.5,0.5
80,58559,5.0,4.5,-0.5,0.5
80,34048,4.0,4.0,0.0,0.0
80,6281,3.5,4.0,0.5,0.5
80,52604,4.5,4.5,0.0,0.0
81,208,1.0,2.0,1.0,1.0
81,356,2.0,3.5,1.5,1.5
81,10,1.0,3.0,2.0,2.0
81,589,5.0,3.5,-1.5,1.5
81,296,3.0,3.5,0.5,0.5
82,153,3.0,3.5,0.5,0.5
82,4367,4.5,3.5,-1.0,1.0
82,196,3.5,3.0,-0.5,0.5
82,3785,4.0,3.0,-1.0,1.0
82,5065,3.0,3.5,0.5,0.5
83,4226,4.5,4.0,-0.5,0.5
83,8977,3.5,1.5,-2.0,2.0
83,364,3.5,3.5,0.0,0.0
83,2858,3.5,4.0,0.5,0.5
83,1270,3.5,4.0,0.5,0.5
84,368,3.0,4.0,1.0,1.0
84,1280,5.0,4.0,-1.0,1.0
84,234,3.0,3.0,0.0,0.0
84,955,4.0,4.0,0.0,0.0
84,800,5.0,4.0,-1.0,1.0
85,1449,4.0,4.0,0.0,0.0
85,1596,4.0,4.5,0.5,0.5
85,1694,4.0,3.0,-1.0,1.0
85,1693,4.0,3.5,-0.5,0.5
85,1207,5.0,4.5,-0.5,0.5
86,2028,3.5,4.0,0.5,0.5
86,1,4.0,4.0,0.0,0.0
86,6373,4.0,4.0,0.0,0.0
86,356,4.0,4.5,0.5,0.5
86,7153,4.0,4.5,0.5,0.5
87,60,3.0,3.5,0.5,0.5
87,4973,5.0,4.5,-0.5,0.5
87,4023,3.5,3.5,0.0,0.0
87,262,4.0,4.0,0.0,0.0
87,1584,4.0,4.0,0.0,0.0
88,16,4.5,4.0,-0.5,0.5
88,527,4.0,4.5,0.5,0.5
88,6870,4.5,4.0,-0.5,0.5
88,1994,3.5,4.0,0.5,0.5
88,3476,4.5,4.0,-0.5,0.5
89,33646,3.0,3.5,0.5,0.5
89,6550,4.0,3.5,-0.5,0.5
89,588,1.0,3.0,2.0,2.0
89,3604,0.5,1.0,0.5,0.5
89,142444,5.0,5.0,0.0,0.0
90,613,5.0,4.0,-1.0,1.0
90,1411,5.0,4.5,-0.5,0.5
90,1366,4.0,4.0,0.0,0.0
90,85,5.0,4.0,-1.0,1.0
90,1353,3.0,4.0,1.0,1.0
91,1094,3.0,3.5,0.5,0.5
91,648,4.0,3.5,-0.5,0.5
91,1704,3.0,4.0,1.0,1.0
91,3704,3.5,3.5,0.0,0.0
91,2081,3.0,3.5,0.5,0.5
92,2085,3.5,4.0,0.5,0.5
92,2664,3.5,4.0,0.5,0.5
92,107,5.0,4.0,-1.0,1.0
92,6383,3.0,3.5,0.5,0.5
92,2139,4.0,4.0,0.0,0.0
93,1779,4.0,4.0,0.0,0.0
93,836,4.0,4.0,0.0,0.0
93,2822,4.0,4.0,0.0,0.0
93,339,4.0,4.0,0.0,0.0
93,2302,4.0,4.0,0.0,0.0
94,2,4.0,3.0,-1.0,1.0
94,21,3.0,3.0,0.0,0.0
94,344,3.0,3.0,0.0,0.0
94,150,4.0,3.5,-0.5,0.5
94,208,2.0,3.0,1.0,1.0
95,5902,5.0,4.5,-0.5,0.5
95,1206,5.0,4.5,-0.5,0.5
95,5151,4.0,3.5,-0.5,0.5
95,1200,4.5,4.0,-0.5,0.5
95,6218,4.5,4.0,-0.5,0.5
96,1210,5.0,5.0,0.0,0.0
96,1,5.0,4.0,-1.0,1.0
96,1214,5.0,4.5,-0.5,0.5
96,367,5.0,4.0,-1.0,1.0
96,306,1.0,4.0,3.0,3.0
97,5420,3.0,4.0,1.0,1.0
97,3623,5.0,4.0,-1.0,1.0
97,4367,4.0,4.0,0.0,0.0
97,4701,3.0,4.0,1.0,1.0
97,3981,4.0,3.0,-1.0,1.0
98,53993,4.0,3.0,-1.0,1.0
98,4226,4.0,4.5,0.5,0.5
98,71264,3.5,4.0,0.5,0.5
98,104841,4.5,4.0,-0.5,0.5
98,1,4.5,4.5,0.0,0.0
99,236,5.0,4.0,-1.0,1.0
99,339,5.0,4.0,-1.0,1.0
99,420,2.0,3.0,1.0,1.0
99,196,2.0,3.0,1.0,1.0
99,349,5.0,5.0,0.0,0.0
100,4041,5.0,4.0,-1.0,1.0
100,1035,4.0,4.0,0.0,0.0
100,5989,4.5,4.0,-0.5,0.5
100,296,3.5,4.0,0.5,0.5
100,2502,4.5,4.0,-0.5,0.5
101,223,4.0,4.0,0.0,0.0
101,1093,5.0,3.5,-1.5,1.5
101,3174,5.0,4.0,-1.0,1.0
101,2712,5.0,4.0,-1.0,1.0
101,2396,4.0,4.0,0.0,0.0
102,3,5.0,3.0,-2.0,2.0
102,47,5.0,4.0,-1.0,1.0
102,364,4.0,4.0,0.0,0.0
102,172,3.0,3.0,0.0,0.0
102,236,3.0,3.0,0.0,0.0
103,60069,4.0,4.5,0.5,0.5
103,37733,3.5,4.0,0.5,0.5
103,41569,4.0,4.0,0.0,0.0
103,2411,4.0,3.5,-0.5,0.5
103,924,4.0,4.0,0.0,0.0
104,595,5.0,4.0,-1.0,1.0
104,3033,4.0,4.0,0.0,0.0
104,1777,3.5,4.0,0.5,0.5
104,8961,4.0,4.0,0.0,0.0
104,8972,4.0,3.5,-0.5,0.5
105,30749,4.0,4.0,0.0,0.0
105,86320,5.0,4.0,-1.0,1.0
105,96606,5.0,4.0,-1.0,1.0
105,914,4.0,4.0,0.0,0.0
105,97921,4.0,4.0,0.0,0.0
106,106489,5.0,4.0,-1.0,1.0
106,47099,5.0,4.5,-0.5,0.5
106,86332,4.0,4.0,0.0,0.0
106,59315,3.5,5.0,1.5,1.5
106,6539,5.0,5.0,0.0,0.0
107,165,3.0,4.0,1.0,1.0
107,253,4.0,4.0,0.0,0.0
107,344,3.0,4.0,1.0,1.0
107,329,3.0,4.0,1.0,1.0
107,111,4.0,4.5,0.5,0.5
108,469,4.0,4.0,0.0,0.0
108,4027,5.0,4.5,-0.5,0.5
108,800,5.0,4.5,-0.5,0.5
108,25,4.0,4.0,0.0,0.0
108,4973,5.0,5.0,0.0,0.0
109,154,3.0,3.5,0.5,0.5
109,597,3.0,3.0,0.0,0.0
109,442,3.0,3.0,0.0,0.0
109,319,3.0,3.0,0.0,0.0
109,256,3.0,3.0,0.0,0.0
110,7160,3.5,4.0,0.5,0.5
110,5459,2.5,3.0,0.5,0.5
110,26171,5.0,3.5,-1.5,1.5
110,910,4.5,4.0,-0.5,0.5
110,2384,3.0,3.0,0.0,0.0
111,179211,3.5,3.5,0.0,0.0
111,68157,4.5,4.0,-0.5,0.5
111,59258,4.0,3.5,-0.5,0.5
111,48322,5.0,4.0,-1.0,1.0
111,2335,3.5,3.5,0.0,0.0
112,5952,5.0,4.5,-0.5,0.5
112,79132,4.5,4.0,-0.5,0.5
112,1,3.0,3.5,0.5,0.5
112,1356,4.0,4.0,0.0,0.0
112,19,4.0,3.0,-1.0,1.0
113,1680,3.0,3.5,0.5,0.5
113,509,5.0,4.0,-1.0,1.0
113,3359,4.0,4.0,0.0,0.0
113,1777,4.0,4.0,0.0,0.0
113,1733,4.0,5.0,1.0,1.0
114,127198,3.5,3.5,0.0,0.0
114,52722,4.5,3.0,-1.5,1.5
114,106782,4.5,4.0,-0.5,0.5
114,60069,3.5,4.0,0.5,0.5
114,5349,4.0,3.5,-0.5,0.5
115,1379,5.0,3.0,-2.0,2.0
115,2394,3.0,4.0,1.0,1.0
115,112,2.0,3.5,1.5,1.5
115,1610,5.0,4.5,-0.5,0.5
115,1391,2.0,3.5,1.5,1.5
116,3578,4.5,4.0,-0.5,0.5
116,3,3.5,3.5,0.0,0.0
116,899,3.0,4.0,1.0,1.0
116,597,4.5,3.5,-1.0,1.0
116,457,3.0,4.0,1.0,1.0
117,733,3.0,3.5,0.5,0.5
117,588,4.0,4.0,0.0,0.0
117,661,3.0,3.0,0.0,0.0
117,272,4.0,3.5,-0.5,0.5
117,485,3.0,3.0,0.0,0.0
118,25,2.0,4.0,2.0,2.0
118,1350,3.0,4.0,1.0,1.0
118,1104,4.0,4.5,0.5,0.5
118,153,2.0,3.0,1.0,1.0
118,1810,4.0,3.5,-0.5,0.5
119,136598,5.0,4.0,-1.0,1.0
119,165551,4.5,4.5,0.0,0.0
119,91542,4.0,4.0,0.0,0.0
119,115713,4.0,4.0,0.0,0.0
119,1580,4.0,4.0,0.0,0.0
120,5,4.0,3.0,-1.0,1.0
120,765,3.0,3.0,0.0,0.0
120,648,3.0,3.5,0.5,0.5
120,12,3.0,3.0,0.0,0.0
120,783,3.0,3.0,0.0,0.0
121,1,4.0,4.0,0.0,0.0
121,19,2.0,3.0,1.0,1.0
121,337,4.0,3.5,-0.5,0.5
121,110,4.0,4.0,0.0,0.0
121,440,4.0,3.0,-1.0,1.0
122,2761,4.5,5.0,0.5,0.5
122,103341,5.0,4.0,-1.0,1.0
122,1219,4.0,5.0,1.0,1.0
122,51255,5.0,5.0,0.0,0.0
122,7022,4.0,5.0,1.0,1.0
123,47,4.5,4.0,-0.5,0.5
123,593,4.0,4.0,0.0,0.0
123,81782,4.0,3.5,-0.5,0.5
123,4886,4.0,4.0,0.0,0.0
123,48780,4.0,4.0,0.0,0.0
124,593,4.0,4.5,0.5,0.5
124,3949,5.0,4.0,-1.0,1.0
124,2353,3.0,3.5,0.5,0.5
124,7361,5.0,4.5,-0.5,0.5
124,1196,4.5,4.5,0.0,0.0
125,96829,4.5,4.0,-0.5,0.5
125,2600,5.0,4.0,-1.0,1.0
125,135567,2.5,3.0,0.5,0.5
125,148626,3.5,4.0,0.5,0.5
125,4082,5.0,4.0,-1.0,1.0
126,589,3.0,4.0,1.0,1.0
126,593,3.0,3.5,0.5,0.5
126,153,4.0,3.0,-1.0,1.0
126,296,1.0,4.0,3.0,3.0
126,480,3.0,3.5,0.5,0.5
127,272,3.0,3.5,0.5,0.5
127,2915,2.0,3.0,1.0,1.0
127,1962,3.0,3.5,0.5,0.5
127,903,3.0,4.0,1.0,1.0
127,3101,1.0,2.5,1.5,1.5
128,1617,3.0,4.5,1.5,1.5
128,943,4.0,4.5,0.5,0.5
128,1284,5.0,5.0,0.0,0.0
128,965,4.0,4.5,0.5,0.5
128,911,4.0,4.0,0.0,0.0
129,7143,5.0,4.0,-1.0,1.0
129,3948,3.5,4.0,0.5,0.5
129,1544,4.0,3.5,-0.5,0.5
129,31184,4.5,4.0,-0.5,0.5
129,2138,4.5,4.0,-0.5,0.5
130,231,4.0,3.0,-1.0,1.0
130,590,3.0,4.0,1.0,1.0
130,225,5.0,4.0,-1.0,1.0
130,380,3.0,3.5,0.5,0.5
130,1,3.0,4.0,1.0,1.0
131,1196,2.5,4.0,1.5,1.5
131,31,3.0,3.0,0.0,0.0
131,4226,4.0,4.0,0.0,0.0
131,111,4.0,4.0,0.0,0.0
131,5959,2.5,3.0,0.5,0.5
132,44191,3.0,3.5,0.5,0.5
132,1554,2.0,2.5,0.5,0.5
132,45720,3.0,3.0,0.0,0.0
132,6365,3.5,3.0,-0.5,0.5
132,27815,3.0,3.5,0.5,0.5
133,539,3.0,3.0,0.0,0.0
133,349,2.0,3.0,1.0,1.0
133,527,4.0,4.0,0.0,0.0
133,474,3.0,3.0,0.0,0.0
133,367,3.0,3.0,0.0,0.0
134,442,4.0,3.0,-1.0,1.0
134,231,3.0,3.0,0.0,0.0
134,380,2.0,3.5,1.5,1.5
134,349,4.0,4.0,0.0,0.0
134,273,3.0,3.0,0.0,0.0
135,410,4.0,3.0,-1.0,1.0
135,1682,4.0,4.0,0.0,0.0
135,2746,4.0,3.0,-1.0,1.0
135,1921,5.0,4.0,-1.0,1.0
135,3996,5.0,4.0,-1.0,1.0
136,353,5.0,4.0,-1.0,1.0
136,95,4.0,3.0,-1.0,1.0
136,23,5.0,3.0,-2.0,2.0
136,413,3.0,3.0,0.0,0.0
136,316,2.0,3.0,1.0,1.0
137,1258,3.5,4.0,0.5,0.5
137,3578,3.5,4.0,0.5,0.5
137,923,5.0,4.5,-0.5,0.5
137,1208,5.0,4.0,-1.0,1.0
137,2716,3.0,4.0,1.0,1.0
138,222,5.0,4.0,-1.0,1.0
138,2427,1.5,3.5,2.0,2.0
138,1959,3.5,3.5,0.0,0.0
138,616,4.5,4.0,-0.5,0.5
138,2707,0.5,3.5,3.0,3.0
139,59615,1.5,2.0,0.5,0.5
139,3996,2.0,2.5,0.5,0.5
139,69844,3.0,3.0,0.0,0.0
139,33004,2.0,2.0,0.0,0.0
139,6874,3.0,3.0,0.0,0.0
140,1021,4.0,3.0,-1.0,1.0
140,62,4.5,4.0,-0.5,0.5
140,1687,3.0,3.0,0.0,0.0
140,608,5.0,4.0,-1.0,1.0
140,7161,3.0,2.0,-1.0,1.0
141,54001,3.0,4.0,1.0,1.0
141,1265,3.5,4.0,0.5,0.5
141,8874,4.0,4.0,0.0,0.0
141,1210,4.5,4.0,-0.5,0.5
141,56174,3.5,3.5,0.0,0.0
142,589,3.0,4.0,1.0,1.0
142,593,5.0,5.0,0.0,0.0
142,95,3.0,3.0,0.0,0.0
142,296,5.0,5.0,0.0,0.0
142,508,4.0,4.0,0.0,0.0
143,6539,3.0,3.5,0.5,0.5
143,356,5.0,4.0,-1.0,1.0
143,61250,3.5,3.0,-0.5,0.5
143,1307,2.0,3.5,1.5,1.5
143,71535,1.0,3.5,2.5,2.5
144,784,1.5,3.0,1.5,1.5
144,541,3.0,4.0,1.0,1.0
144,266,3.0,3.5,0.5,0.5
144,434,2.5,3.0,0.5,0.5
144,3037,2.5,4.0,1.5,1.5
145,339,3.0,3.0,0.0,0.0
145,292,3.0,3.0,0.0,0.0
145,1,5.0,4.0,-1.0,1.0
145,231,3.0,3.0,0.0,0.0
145,380,3.0,3.0,0.0,0.0
146,47610,4.0,3.5,-0.5,0.5
146,2805,2.5,3.0,0.5,0.5
146,6953,3.0,3.0,0.0,0.0
146,3499,4.0,4.0,0.0,0.0
146,1411,3.0,4.0,1.0,1.0
147,5,4.5,3.0,-1.5,1.5
147,2302,2.5,3.0,0.5,0.5
147,1396,4.0,4.0,0.0,0.0
147,151,1.5,3.5,2.0,2.0
147,466,4.0,3.0,-1.0,1.0
148,79702,4.0,3.5,-0.5,0.5
148,116797,4.5,4.0,-0.5,0.5
148,79132,1.5,4.0,2.5,2.5
148,122920,3.5,3.5,0.0,0.0
148,76093,3.0,4.0,1.0,1.0
149,2,1.0,3.0,2.0,2.0
149,260,4.0,4.0,0.0,0.0
149,1270,2.0,4.0,2.0,2.0
149,541,4.0,3.5,-0.5,0.5
149,1544,1.0,3.0,2.0,2.0
150,58,3.0,4.0,1.0,1.0
150,628,3.0,4.0,1.0,1.0
150,3,3.0,3.0,0.0,0.0
150,1073,3.0,4.0,1.0,1.0
150,95,3.0,3.0,0.0,0.0
151,1,5.0,4.0,-1.0,1.0
151,75,3.0,3.0,0.0,0.0
151,786,4.0,3.5,-0.5,0.5
151,216,4.0,4.0,0.0,0.0
151,879,4.0,3.0,-1.0,1.0
152,115713,4.5,4.0,-0.5,0.5
152,89864,3.5,4.0,0.5,0.5
152,47,5.0,4.0,-1.0,1.0
152,72011,4.0,4.0,0.0,0.0
152,318,3.5,4.5,1.0,1.0
153,6863,2.0,2.5,0.5,0.5
153,788,0.5,0.5,0.0,0.0
153,4308,3.0,2.0,-1.0,1.0
153,72378,0.5,2.0,1.5,1.5
153,6711,2.0,3.0,1.0,1.0
154,89745,5.0,4.5,-0.5,0.5
154,106072,3.5,4.0,0.5,0.5
154,122892,5.0,4.5,-0.5,0.5
154,119145,5.0,4.5,-0.5,0.5
154,72998,5.0,4.5,-0.5,0.5
155,3555,4.0,4.0,0.0,0.0
155,2384,2.0,3.0,1.0,1.0
155,2502,5.0,4.0,-1.0,1.0
155,3745,4.0,4.0,0.0,0.0
155,3175,4.0,4.0,0.0,0.0
156,1923,4.0,4.0,0.0,0.0
156,26313,4.0,4.0,0.0,0.0
156,417,5.0,4.0,-1.0,1.0
156,2000,3.0,4.0,1.0,1.0
156,1042,3.0,3.0,0.0,0.0
157,527,5.0,4.0,-1.0,1.0
157,3268,2.0,2.0,0.0,0.0
157,3174,3.0,4.0,1.0,1.0
157,785,5.0,4.0,-1.0,1.0
157,2683,4.0,3.0,-1.0,1.0
158,2490,5.0,4.0,-1.0,1.0
158,3363,3.0,4.0,1.0,1.0
158,193,3.0,3.0,0.0,0.0
158,58293,3.5,3.0,-0.5,0.5
158,2723,2.5,3.0,0.5,0.5
159,47099,5.0,4.0,-1.0,1.0
159,4306,4.0,3.5,-0.5,0.5
159,112556,2.0,3.5,1.5,1.5
159,1197,4.0,4.0,0.0,0.0
159,88405,2.5,3.0,0.5,0.5
160,3994,4.0,4.0,0.0,0.0
160,653,4.0,2.0,-2.0,2.0
160,2414,3.0,3.0,0.0,0.0
160,2700,1.5,4.0,2.5,2.5
160,2918,2.0,4.0,2.0,2.0
161,5643,4.5,3.5,-1.0,1.0
161,45732,0.5,2.0,1.5,1.5
161,380,3.5,3.5,0.0,0.0
161,1234,4.0,4.5,0.5,0.5
161,4571,5.0,4.0,-1.0,1.0
162,590,4.0,5.0,1.0,1.0
162,783,4.0,4.0,0.0,0.0
162,36,5.0,4.5,-0.5,0.5
162,225,3.0,4.0,1.0,1.0
162,527,5.0,5.0,0.0,0.0
163,1747,3.0,3.0,0.0,0.0
163,1676,3.0,3.0,0.0,0.0
163,1407,3.0,3.0,0.0,0.0
163,1639,3.0,3.5,0.5,0.5
163,1784,4.0,3.5,-0.5,0.5
164,4440,5.0,4.5,-0.5,0.5
164,1210,4.0,5.0,1.0,1.0
164,2916,3.0,4.0,1.0,1.0
164,3639,5.0,4.0,-1.0,1.0
164,1356,4.0,4.5,0.5,0.5
165,5872,3.0,3.0,0.0,0.0
165,5959,3.0,3.5,0.5,0.5
165,110,4.0,4.0,0.0,0.0
165,5485,3.0,3.0,0.0,0.0
165,480,4.0,4.0,0.0,0.0
166,48516,5.0,4.5,-0.5,0.5
166,51080,4.5,4.0,-0.5,0.5
166,4306,4.5,4.0,-0.5,0.5
166,1721,3.0,3.5,0.5,0.5
166,3578,3.5,4.0,0.5,0.5
167,35836,1.5,3.5,2.0,2.0
167,1120,3.0,3.5,0.5,0.5
167,2797,3.0,4.0,1.0,1.0
167,1385,2.0,3.0,1.0,1.0
167,4447,0.5,3.0,2.5,2.5
168,1262,4.5,4.5,0.0,0.0
168,1172,5.0,4.5,-0.5,0.5
168,2858,5.0,4.5,-0.5,0.5
168,6016,4.5,4.5,0.0,0.0
168,111,4.5,4.5,0.0,0.0
169,480,4.0,4.5,0.5,0.5
169,2710,4.0,4.0,0.0,0.0
169,1393,5.0,4.5,-0.5,0.5
169,3159,4.0,4.5,0.5,0.5
169,5222,4.0,4.0,0.0,0.0
170,207,3.0,3.0,0.0,0.0
170,586,3.0,3.0,0.0,0.0
170,377,4.0,3.0,-1.0,1.0
170,594,3.0,3.0,0.0,0.0
170,282,4.0,3.0,-1.0,1.0
171,608,5.0,5.0,0.0,0.0
171,1,5.0,5.0,0.0,0.0
171,485,5.0,4.0,-1.0,1.0
171,648,3.0,4.0,1.0,1.0
171,380,5.0,4.5,-0.5,0.5
172,1270,4.0,4.0,0.0,0.0
172,2072,4.0,3.5,-0.5,0.5
172,277,4.5,3.5,-1.0,1.0
172,3793,3.5,4.0,0.5,0.5
172,1580,3.5,4.0,0.5,0.5
173,296,1.0,3.5,2.5,2.5
173,500,4.0,3.0,-1.0,1.0
173,10,3.0,3.0,0.0,0.0
173,595,3.0,4.0,1.0,1.0
173,356,5.0,4.0,-1.0,1.0
174,350,4.0,4.0,0.0,0.0
174,196,2.0,3.0,1.0,1.0
174,39,4.0,4.0,0.0,0.0
174,153,3.0,3.0,0.0,0.0
174,440,4.0,4.0,0.0,0.0
175,7169,5.0,4.0,-1.0,1.0
175,38388,5.0,4.0,-1.0,1.0
175,531,3.5,3.5,0.0,0.0
175,43904,0.5,1.0,0.5,0.5
175,8643,4.5,3.5,-1.0,1.0
176,780,4.0,4.0,0.0,0.0
176,318,5.0,5.0,0.0,0.0
176,485,3.0,4.0,1.0,1.0
176,589,5.0,4.5,-0.5,0.5
176,349,4.0,4.0,0.0,0.0
177,653,2.5,3.0,0.5,0.5
177,5989,4.5,4.0,-0.5,0.5
177,1929,4.0,4.0,0.0,0.0
177,2087,4.0,3.5,-0.5,0.5
177,356,5.0,4.0,-1.0,1.0
178,50,4.5,4.5,0.0,0.0
178,1680,3.5,4.0,0.5,0.5
178,318,5.0,4.5,-0.5,0.5
178,1,4.0,4.0,0.0,0.0
178,2840,3.5,3.5,0.0,0.0
179,208,3.0,3.0,0.0,0.0
179,1,4.0,4.0,0.0,0.0
179,457,4.0,4.0,0.0,0.0
179,18,4.0,4.0,0.0,0.0
179,592,3.0,3.5,0.5,0.5
180,1242,3.5,4.0,0.5,0.5
180,2717,4.0,3.0,-1.0,1.0
180,260,4.5,4.0,-0.5,0.5
180,2761,4.0,4.0,0.0,0.0
180,1748,3.5,4.0,0.5,0.5
181,344,3.0,3.0,0.0,0.0
181,485,3.0,3.0,0.0,0.0
181,11,5.0,3.0,-2.0,2.0
181,257,4.0,3.0,-1.0,1.0
181,151,3.0,3.0,0.0,0.0
182,1253,4.0,4.0,0.0,0.0
182,3476,4.0,4.0,0.0,0.0
182,1207,4.5,4.5,0.0,0.0
182,5010,2.0,4.0,2.0,2.0
182,319,4.5,3.5,-1.0,1.0
183,110,5.0,4.0,-1.0,1.0
183,480,4.0,4.0,0.0,0.0
183,2028,5.0,4.0,-1.0,1.0
183,1201,4.0,4.0,0.0,0.0
183,2457,3.0,4.0,1.0,1.0
184,193571,4.0,4.0,0.0,0.0
184,122912,5.0,4.5,-0.5,0.5
184,174055,4.0,4.0,0.0,0.0
184,60040,2.5,3.5,1.0,1.0
184,106072,2.5,3.5,1.0,1.0
185,3034,3.0,3.5,0.5,0.5
185,4308,4.0,4.0,0.0,0.0
185,2863,3.0,4.0,1.0,1.0
185,5377,3.0,4.0,1.0,1.0
185,2692,4.0,4.0,0.0,0.0
186,364,4.0,4.0,0.0,0.0
186,3751,4.0,4.0,0.0,0.0
186,2174,3.0,4.0,1.0,1.0
186,4857,4.0,4.0,0.0,0.0
186,2683,3.0,4.0,1.0,1.0
187,1241,4.5,4.5,0.0,0.0
187,924,4.0,4.0,0.0,0.0
187,145,1.0,3.5,2.5,2.5
187,1464,5.0,3.5,-1.5,1.5
187,4878,3.5,4.0,0.5,0.5
188,1950,4.0,5.0,1.0,1.0
188,2918,5.0,4.5,-0.5,0.5
188,1947,5.0,4.5,-0.5,0.5
188,3061,4.0,4.5,0.5,0.5
188,1537,4.0,4.5,0.5,0.5
189,318,4.0,4.5,0.5,0.5
189,76093,4.0,4.0,0.0,0.0
189,58559,5.0,4.0,-1.0,1.0
189,356,4.0,4.0,0.0,0.0
189,3578,4.0,4.0,0.0,0.0
190,8622,3.0,4.0,1.0,1.0
190,79132,4.0,4.0,0.0,0.0
190,318,4.0,4.5,0.5,0.5
190,6874,4.0,4.0,0.0,0.0
190,1704,4.0,4.0,0.0,0.0
191,494,3.0,3.0,0.0,0.0
191,1,4.0,4.0,0.0,0.0
191,318,4.0,5.0,1.0,1.0
191,144,4.0,3.5,-0.5,0.5
191,52,5.0,3.5,-1.5,1.5
192,10,5.0,4.0,-1.0,1.0
192,317,3.0,4.0,1.0,1.0
192,288,3.0,4.0,1.0,1.0
192,47,3.0,4.0,1.0,1.0
192,356,5.0,4.5,-0.5,0.5
193,7147,3.5,4.0,0.5,0.5
193,1193,5.0,4.5,-0.5,0.5
193,5618,5.0,4.0,-1.0,1.0
193,2858,2.5,4.0,1.5,1.5
193,1197,3.0,4.0,1.0,1.0
194,48,2.0,3.0,1.0,1.0
194,2699,3.5,3.0,-0.5,0.5
194,2406,3.5,3.5,0.0,0.0
194,163,3.0,3.5,0.5,0.5
194,1090,4.5,4.0,-0.5,0.5
195,5010,3.0,4.0,1.0,1.0
195,1863,2.0,2.5,0.5,0.5
195,1291,4.0,4.0,0.0,0.0
195,3186,4.0,4.0,0.0,0.0
195,3999,1.0,3.0,2.0,2.0
196,109487,3.5,4.0,0.5,0.5
196,3578,5.0,4.0,-1.0,1.0
196,51935,4.5,4.0,-0.5,0.5
196,5418,4.0,4.0,0.0,0.0
196,1214,4.5,4.0,-0.5,0.5
197,1968,4.0,4.0,0.0,0.0
197,1080,5.0,4.0,-1.0,1.0
197,1882,3.0,2.0,-1.0,1.0
197,1729,3.0,4.0,1.0,1.0
197,1201,3.0,4.5,1.5,1.5
198,4979,1.0,3.0,2.0,2.0
198,1240,3.0,4.0,1.0,1.0
198,66,1.0,2.0,1.0,1.0
198,4023,5.0,3.0,-2.0,2.0
198,198,4.0,3.0,-1.0,1.0
199,1950,4.0,4.0,0.0,0.0
199,457,4.0,4.0,0.0,0.0
199,223,3.0,4.0,1.0,1.0
199,6867,4.0,4.0,0.0,0.0
199,750,5.0,4.0,-1.0,1.0
200,480,3.5,4.0,0.5,0.5
200,52973,4.0,4.0,0.0,0.0
200,1513,3.5,3.5,0.0,0.0
200,5103,5.0,4.0,-1.0,1.0
200,1220,4.5,4.0,-0.5,0.5
201,2136,5.0,3.0,-2.0,2.0
201,160,4.0,3.0,-1.0,1.0
201,25,5.0,4.0,-1.0,1.0
201,2248,5.0,4.0,-1.0,1.0
201,1748,1.0,4.0,3.0,3.0
202,674,2.0,3.0,1.0,1.0
202,2533,3.0,3.0,0.0,0.0
202,2553,4.0,3.5,-0.5,0.5
202,356,5.0,4.0,-1.0,1.0
202,457,3.0,4.0,1.0,1.0
203,56174,4.0,4.0,0.0,0.0
203,4306,4.0,4.0,0.0,0.0
203,4886,4.0,4.0,0.0,0.0
203,96610,4.5,4.0,-0.5,0.5
203,40815,3.5,4.0,0.5,0.5
204,4993,4.0,4.5,0.5,0.5
204,47,5.0,4.0,-1.0,1.0
204,3266,5.0,5.0,0.0,0.0
204,5218,4.0,4.0,0.0,0.0
204,2571,4.5,4.5,0.0,0.0
205,5816,3.5,4.0,0.5,0.5
205,54001,3.5,4.0,0.5,0.5
205,6874,4.5,4.0,-0.5,0.5
205,91542,4.5,4.0,-0.5,0.5
205,260,4.5,4.0,-0.5,0.5
206,62,4.0,4.5,0.5,0.5
206,733,3.0,4.0,1.0,1.0
206,1,5.0,4.0,-1.0,1.0
206,1073,3.0,4.0,1.0,1.0
206,141,4.0,4.0,0.0,0.0
207,100,3.0,3.0,0.0,0.0
207,3263,3.5,3.0,-0.5,0.5
207,2968,0.5,3.0,2.5,2.5
207,637,1.0,2.5,1.5,1.5
207,2193,3.0,3.0,0.0,0.0
208,1277,4.0,4.0,0.0,0.0
208,2571,5.0,4.0,-1.0,1.0
208,10,2.0,3.0,1.0,1.0
208,2881,3.0,3.0,0.0,0.0
208,2028,5.0,4.0,-1.0,1.0
209,79132,5.0,4.5,-0.5,0.5
209,3578,4.0,4.5,0.5,0.5
209,71535,2.0,4.0,2.0,2.0
209,64614,4.5,4.5,0.0,0.0
209,4993,5.0,4.5,-0.5,0.5
210,100611,4.5,4.0,-0.5,0.5
210,122886,5.0,4.5,-0.5,0.5
210,1584,4.0,4.5,0.5,0.5
210,5349,4.5,4.0,-0.5,0.5
210,65651,2.0,2.0,0.0,0.0
211,5266,2.0,3.0,1.0,1.0
211,36529,3.5,4.0,0.5,0.5
211,2948,3.5,4.0,0.5,0.5
211,1210,4.0,4.5,0.5,0.5
211,8665,4.0,4.0,0.0,0.0
212,1954,3.5,4.0,0.5,0.5
212,480,3.0,3.5,0.5,0.5
212,106144,3.5,3.5,0.0,0.0
212,30707,4.0,4.0,0.0,0.0
212,90405,2.5,3.5,1.0,1.0
213,69757,4.5,4.0,-0.5,0.5
213,1,3.5,4.0,0.5,0.5
213,49530,4.0,4.0,0.0,0.0
213,2402,4.5,3.5,-1.0,1.0
213,1291,4.0,4.0,0.0,0.0
214,1,3.0,3.0,0.0,0.0
214,743,3.0,2.5,-0.5,0.5
214,628,3.0,3.0,0.0,0.0
214,17,3.0,3.0,0.0,0.0
214,788,2.0,2.5,0.5,0.5
215,3147,4.0,4.0,0.0,0.0
215,1639,3.0,4.0,1.0,1.0
215,63082,4.5,4.0,-0.5,0.5
215,1196,4.5,4.0,-0.5,0.5
215,6942,4.0,4.0,0.0,0.0
216,3624,4.0,3.0,-1.0,1.0
216,3104,3.0,4.0,1.0,1.0
216,3521,2.0,3.5,1.5,1.5
216,1267,5.0,4.0,-1.0,1.0
216,2750,3.0,3.0,0.0,0.0
217,2110,2.0,3.0,1.0,1.0
217,520,2.0,3.0,1.0,1.0
217,761,3.0,3.0,0.0,0.0
217,2253,3.0,3.0,0.0,0.0
217,3552,2.0,3.0,1.0,1.0
218,1252,4.5,4.0,-0.5,0.5
218,2502,3.0,4.0,1.0,1.0
218,172,2.0,2.0,0.0,0.0
218,8368,2.0,3.5,1.5,1.5
218,1380,3.0,3.0,0.0,0.0
219,2054,3.0,2.5,-0.5,0.5
219,8810,1.0,2.5,1.5,1.5
219,32,3.5,4.0,0.5,0.5
219,32587,4.0,4.0,0.0,0.0
219,930,4.0,4.0,0.0,0.0
220,45499,4.0,3.5,-0.5,0.5
220,316,2.0,4.0,2.0,2.0
220,2115,4.0,4.0,0.0,0.0
220,2997,5.0,4.0,-1.0,1.0
220,49272,4.0,4.5,0.5,0.5
221,541,5.0,4.5,-0.5,0.5
221,27776,4.5,4.5,0.0,0.0
221,1197,4.5,4.5,0.0,0.0
221,3996,4.5,4.0,-0.5,0.5
221,1079,5.0,4.0,-1.0,1.0
222,6888,3.0,2.0,-1.0,1.0
222,122,2.5,2.5,0.0,0.0
222,3409,2.5,3.0,0.5,0.5
222,1485,2.0,3.0,1.0,1.0
222,4388,2.5,2.5,0.0,0.0
223,260,3.5,4.0,0.5,0.5
223,8368,3.5,3.5,0.0,0.0
223,480,3.5,4.0,0.5,0.5
223,1,3.5,3.5,0.0,0.0
223,2683,3.0,3.0,0.0,0.0
224,1393,5.0,5.0,0.0,0.0
224,3436,4.0,4.0,0.0,0.0
224,3426,2.0,4.0,2.0,2.0
224,1197,5.0,5.0,0.0,0.0
224,3210,4.0,4.5,0.5,0.5
225,333,5.0,4.0,-1.0,1.0
225,2791,4.0,4.0,0.0,0.0
225,587,3.0,4.0,1.0,1.0
225,69,5.0,4.0,-1.0,1.0
225,1970,4.0,3.0,-1.0,1.0
226,1968,4.0,4.0,0.0,0.0
226,3481,4.0,4.0,0.0,0.0
226,54001,4.0,4.0,0.0,0.0
226,586,4.0,3.0,-1.0,1.0
226,30793,4.0,3.0,-1.0,1.0
227,36529,4.5,4.0,-0.5,0.5
227,1923,4.5,4.0,-0.5,0.5
227,55820,4.0,4.0,0.0,0.0
227,85342,5.0,4.5,-0.5,0.5
227,17,3.5,4.0,0.5,0.5
228,858,4.0,4.0,0.0,0.0
228,2013,4.0,3.5,-0.5,0.5
228,50,4.5,4.0,-0.5,0.5
228,3555,4.0,3.5,-0.5,0.5
228,1214,4.5,4.0,-0.5,0.5
229,509,3.0,4.0,1.0,1.0
229,592,3.0,3.0,0.0,0.0
229,1,5.0,4.0,-1.0,1.0
229,454,4.0,4.0,0.0,0.0
229,34,5.0,4.0,-1.0,1.0
230,53996,5.0,3.0,-2.0,2.0
230,2115,3.0,3.0,0.0,0.0
230,736,4.0,3.0,-1.0,1.0
230,30793,2.0,3.0,1.0,1.0
230,1214,3.5,3.0,-0.5,0.5
231,1198,4.0,4.0,0.0,0.0
231,2858,4.0,4.0,0.0,0.0
231,260,4.0,4.0,0.0,0.0
231,5952,3.0,4.0,1.0,1.0
231,1240,4.0,4.0,0.0,0.0
232,55245,2.5,3.5,1.0,1.0
232,45499,3.5,3.5,0.0,0.0
232,2706,3.5,3.5,0.0,0.0
232,4770,3.0,3.0,0.0,0.0
232,7440,2.5,3.0,0.5,0.5
233,6874,3.5,3.5,0.0,0.0
233,858,4.0,4.0,0.0,0.0
233,91529,3.5,3.5,0.0,0.0
233,7438,3.5,3.5,0.0,0.0
233,7361,5.0,4.0,-1.0,1.0
234,1784,4.0,4.0,0.0,0.0
234,260,5.0,4.5,-0.5,0.5
234,502,1.0,3.0,2.0,2.0
234,3054,3.0,3.0,0.0,0.0
234,4022,4.0,4.0,0.0,0.0
235,586,3.0,3.0,0.0,0.0
235,595,5.0,4.0,-1.0,1.0
235,10,2.0,4.0,2.0,2.0
235,500,4.0,3.0,-1.0,1.0
235,34,4.0,4.0,0.0,0.0
236,2858,5.0,4.0,-1.0,1.0
236,2542,5.0,5.0,0.0,0.0
236,2694,2.0,3.0,1.0,1.0
236,2580,5.0,5.0,0.0,0.0
236,1998,2.0,1.0,-1.0,1.0
237,1625,4.5,3.5,-1.0,1.0
237,44555,3.5,4.0,0.5,0.5
237,7361,4.0,4.0,0.0,0.0
237,67255,3.0,4.0,1.0,1.0
237,2470,3.5,3.0,-0.5,0.5
238,4917,4.0,4.0,0.0,0.0
238,4238,4.0,3.5,-0.5,0.5
238,4254,4.0,3.0,-1.0,1.0
238,4916,3.0,3.5,0.5,0.5
238,4855,4.0,4.0,0.0,0.0
239,440,4.0,4.0,0.0,0.0
239,2542,5.0,4.5,-0.5,0.5
239,6377,4.5,4.0,-0.5,0.5
239,2918,4.0,4.0,0.0,0.0
239,48516,4.5,4.5,0.0,0.0
240,318,3.0,5.0,2.0,2.0
240,252,3.0,4.0,1.0,1.0
240,158,4.0,4.0,0.0,0.0
240,196,4.0,4.0,0.0,0.0
240,529,4.0,4.5,0.5,0.5
241,318,3.5,4.5,1.0,1.0
241,8973,4.5,4.0,-0.5,0.5
241,1221,4.0,4.5,0.5,0.5
241,47,4.0,4.0,0.0,0.0
241,48780,3.5,4.0,0.5,0.5
242,410,3.0,3.0,0.0,0.0
242,253,5.0,4.0,-1.0,1.0
242,349,3.0,4.0,1.0,1.0
242,329,3.0,3.0,0.0,0.0
242,292,3.0,3.0,0.0,0.0
243,736,5.0,4.0,-1.0,1.0
243,193,5.0,4.0,-1.0,1.0
243,485,3.0,4.0,1.0,1.0
243,588,3.0,4.0,1.0,1.0
243,353,5.0,4.0,-1.0,1.0
244,1215,4.0,4.0,0.0,0.0
244,547,4.0,4.0,0.0,0.0
244,1573,2.0,3.5,1.5,1.5
244,2791,5.0,4.5,-0.5,0.5
244,6,5.0,4.0,-1.0,1.0
245,162,3.0,3.5,0.5,0.5
245,3196,3.0,3.0,0.0,0.0
245,3106,1.0,1.0,0.0,0.0
245,246,4.0,3.5,-0.5,0.5
245,1189,4.0,3.0,-1.0,1.0
246,541,5.0,4.5,-0.5,0.5
246,293,4.0,4.5,0.5,0.5
246,8327,3.5,4.5,1.0,1.0
246,4886,4.5,4.5,0.0,0.0
246,3910,2.0,4.5,2.5,2.5
247,5349,2.0,3.5,1.5,1.5
247,608,4.0,4.0,0.0,0.0
247,76093,3.0,4.0,1.0,1.0
247,5952,4.0,4.0,0.0,0.0
247,5445,4.0,3.5,-0.5,0.5
248,159093,4.5,4.0,-0.5,0.5
248,147382,5.0,4.5,-0.5,0.5
248,171011,3.5,4.0,0.5,0.5
248,4886,3.5,4.0,0.5,0.5
248,84152,4.5,4.0,-0.5,0.5
249,89864,3.5,4.0,0.5,0.5
249,4370,3.5,3.5,0.0,0.0
249,68358,4.0,4.0,0.0,0.0
249,5378,3.5,3.5,0.0,0.0
249,152970,4.5,4.5,0.0,0.0
250,1282,5.0,4.5,-0.5,0.5
250,1722,3.0,4.0,1.0,1.0
250,1285,4.0,4.5,0.5,0.5
250,3418,5.0,4.0,-1.0,1.0
250,45,4.0,4.0,0.0,0.0
251,2028,5.0,5.0,0.0,0.0
251,1089,5.0,5.0,0.0,0.0
251,47,5.0,5.0,0.0,0.0
251,608,5.0,5.0,0.0,0.0
251,2959,5.0,5.0,0.0,0.0
252,164909,4.0,4.0,0.0,0.0
252,166643,4.0,4.5,0.5,0.5
252,1293,4.0,4.0,0.0,0.0
252,81845,4.5,4.5,0.0,0.0
252,152081,4.0,4.0,0.0,0.0
253,5791,4.0,4.5,0.5,0.5
253,48394,5.0,4.5,-0.5,0.5
253,4973,5.0,4.5,-0.5,0.5
253,58309,4.5,4.5,0.0,0.0
253,4217,4.5,4.5,0.0,0.0
254,858,4.0,4.5,0.5,0.5
254,45928,4.0,4.0,0.0,0.0
254,7090,4.5,4.0,-0.5,0.5
254,3578,4.5,4.0,-0.5,0.5
254,2396,4.0,4.0,0.0,0.0
255,3671,2.0,3.5,1.5,1.5
255,2716,5.0,3.5,-1.5,1.5
255,2804,2.0,3.0,1.0,1.0
255,3552,5.0,3.0,-2.0,2.0
255,3501,1.0,2.0,1.0,1.0
256,117176,4.5,4.0,-0.5,0.5
256,103253,3.5,4.0,0.5,0.5
256,33679,4.0,4.0,0.0,0.0
256,72998,4.5,4.0,-0.5,0.5
256,98809,3.5,4.0,0.5,0.5
257,7,1.0,3.0,2.0,2.0
257,3996,4.5,4.0,-0.5,0.5
257,2599,1.5,3.5,2.0,2.0
257,16,3.5,4.0,0.5,0.5
257,784,3.5,3.0,-0.5,0.5
258,5989,5.0,4.5,-0.5,0.5
258,70286,4.5,4.5,0.0,0.0
258,318,5.0,5.0,0.0,0.0
258,122916,3.0,4.5,1.5,1.5
258,48394,5.0,4.0,-1.0,1.0
259,7155,5.0,2.5,-2.5,2.5
259,3910,5.0,4.0,-1.0,1.0
259,1784,5.0,3.5,-1.5,1.5
259,4963,4.0,3.5,-0.5,0.5
259,786,0.5,3.0,2.5,2.5
260,2859,4.5,4.0,-0.5,0.5
260,8784,0.5,4.0,3.5,3.5
260,4641,5.0,3.5,-1.5,1.5
260,3556,4.5,4.0,-0.5,0.5
260,7361,3.5,4.0,0.5,0.5
261,2273,2.5,3.5,1.0,1.0
261,30810,1.0,3.5,2.5,2.5
261,79132,4.5,4.5,0.0,0.0
261,1625,3.5,4.0,0.5,0.5
261,56367,5.0,4.0,-1.0,1.0
262,4,1.0,2.0,1.0,1.0
262,25,3.0,3.0,0.0,0.0
262,300,3.0,3.0,0.0,0.0
262,125,2.0,3.0,1.0,1.0
262,334,3.0,4.0,1.0,1.0
263,586,3.0,3.0,0.0,0.0
263,6299,3.5,3.5,0.0,0.0
263,1923,4.0,4.0,0.0,0.0
263,8638,4.5,4.0,-0.5,0.5
263,1307,4.0,4.0,0.0,0.0
264,1,4.0,4.0,0.0,0.0
264,151,2.5,3.5,1.0,1.0
264,1722,3.5,3.0,-0.5,0.5
264,527,4.0,4.0,0.0,0.0
264,1023,1.5,3.5,2.0,2.0
265,3175,4.0,3.5,-0.5,0.5
265,2628,4.0,3.0,-1.0,1.0
265,3098,3.0,4.0,1.0,1.0
265,1259,4.0,4.0,0.0,0.0
265,2268,3.0,4.0,1.0,1.0
266,235,4.0,4.0,0.0,0.0
266,608,5.0,4.5,-0.5,0.5
266,2706,1.0,3.5,2.5,2.5
266,1266,5.0,4.0,-1.0,1.0
266,2560,4.0,3.0,-1.0,1.0
267,29,4.0,4.0,0.0,0.0
267,480,5.0,5.0,0.0,0.0
267,2527,4.0,4.0,0.0,0.0
267,1175,4.0,5.0,1.0,1.0
267,2699,4.0,4.0,0.0,0.0
268,1394,5.0,4.0,-1.0,1.0
268,1234,4.0,4.0,0.0,0.0
268,858,5.0,5.0,0.0,0.0
268,1197,5.0,4.0,-1.0,1.0
268,2762,4.0,4.0,0.0,0.0
269,1073,4.0,4.0,0.0,0.0
269,733,4.0,4.0,0.0,0.0
269,95,3.0,3.0,0.0,0.0
269,784,3.0,3.0,0.0,0.0
269,74,5.0,4.0,-1.0,1.0
270,140,3.0,3.0,0.0,0.0
270,104,1.0,3.0,2.0,2.0
270,95,2.0,3.0,1.0,1.0
270,648,3.0,3.0,0.0,0.0
270,7,3.0,3.0,0.0,0.0
271,6502,2.5,3.5,1.0,1.0
271,2791,3.0,3.5,0.5,0.5
271,2826,2.0,2.5,0.5,0.5
271,5902,4.5,3.5,-1.0,1.0
271,5508,4.0,3.5,-0.5,0.5
272,134853,2.5,4.0,1.5,1.5
272,49272,2.5,4.0,1.5,1.5
272,109487,3.5,4.0,0.5,0.5
272,51662,3.5,3.5,0.0,0.0
272,2571,4.0,4.0,0.0,0.0
273,466,4.0,3.0,-1.0,1.0
273,111,4.0,4.0,0.0,0.0
273,471,5.0,4.0,-1.0,1.0
273,248,4.0,4.0,0.0,0.0
273,329,5.0,4.0,-1.0,1.0
274,7321,3.5,3.0,-0.5,0.5
274,51091,4.0,3.5,-0.5,0.5
274,2019,4.0,4.0,0.0,0.0
274,4683,4.0,3.5,-0.5,0.5
274,1608,3.5,3.5,0.0,0.0
275,994,4.0,5.0,1.0,1.0
275,3543,4.0,4.0,0.0,0.0
275,3552,5.0,5.0,0.0,0.0
275,441,4.0,5.0,1.0,1.0
275,562,3.0,4.0,1.0,1.0
276,653,3.0,4.0,1.0,1.0
276,333,5.0,5.0,0.0,0.0
276,104,5.0,4.0,-1.0,1.0
276,673,4.0,4.0,0.0,0.0
276,12,4.0,4.0,0.0,0.0
277,653,4.0,3.5,-0.5,0.5
277,1359,3.0,3.0,0.0,0.0
277,637,3.0,3.0,0.0,0.0
277,1043,3.0,3.0,0.0,0.0
277,1,4.0,4.0,0.0,0.0
278,50,5.0,4.5,-0.5,0.5
278,4002,4.0,4.0,0.0,0.0
278,3210,4.0,4.0,0.0,0.0
278,203,4.0,3.5,-0.5,0.5
278,2144,3.5,4.0,0.5,0.5
279,1036,5.0,4.0,-1.0,1.0
279,2502,4.0,4.0,0.0,0.0
279,104879,5.0,4.0,-1.0,1.0
279,1240,4.0,4.0,0.0,0.0
279,6664,3.0,3.5,0.5,0.5
280,49286,3.5,3.5,0.0,0.0
280,7346,5.0,4.0,-1.0,1.0
280,367,2.5,3.5,1.0,1.0
280,3755,4.5,3.5,-1.0,1.0
280,59369,4.0,4.0,0.0,0.0
281,252,3.0,3.0,0.0,0.0
281,8368,4.0,4.0,0.0,0.0
281,7325,4.0,3.5,-0.5,0.5
281,362,2.0,3.5,1.5,1.5
281,2694,3.0,3.0,0.0,0.0
282,3033,4.0,4.0,0.0,0.0
282,356,4.5,4.5,0.0,0.0
282,48738,4.5,4.0,-0.5,0.5
282,3362,4.5,4.0,-0.5,0.5
282,32,4.0,4.5,0.5,0.5
283,1517,4.0,3.5,-0.5,0.5
283,587,2.0,3.0,1.0,1.0
283,1393,3.0,3.5,0.5,0.5
283,1148,2.0,4.0,2.0,2.0
283,608,4.0,4.0,0.0,0.0
284,520,3.0,3.5,0.5,0.5
284,2,4.0,4.0,0.0,0.0
284,224,3.0,4.0,1.0,1.0
284,186,4.0,3.0,-1.0,1.0
284,110,5.0,4.5,-0.5,0.5
285,113207,3.5,3.5,0.0,0.0
285,1219,4.5,4.0,-0.5,0.5
285,3481,2.0,4.0,2.0,2.0
285,5995,4.0,4.0,0.0,0.0
285,1276,4.5,4.5,0.0,0.0
286,6863,3.0,3.5,0.5,0.5
286,296,5.0,4.5,-0.5,0.5
286,70,3.0,4.0,1.0,1.0
286,4718,0.5,3.0,2.5,2.5
286,6373,3.0,3.5,0.5,0.5
287,2395,2.0,3.0,1.0,1.0
287,8622,4.5,3.0,-1.5,1.5
287,3911,4.0,3.5,-0.5,0.5
287,2918,3.0,3.5,0.5,0.5
287,6552,2.5,3.0,0.5,0.5
288,1500,3.0,3.5,0.5,0.5
288,5064,3.0,3.5,0.5,0.5
288,5459,2.5,3.0,0.5,0.5
288,45028,4.0,3.5,-0.5,0.5
288,648,1.0,3.0,2.0,2.0
289,1101,2.0,3.5,1.5,1.5
289,2797,3.0,4.0,1.0,1.0
289,3,2.5,3.5,1.0,1.0
289,6125,3.5,3.5,0.0,0.0
289,1258,4.0,4.0,0.0,0.0
290,1097,5.0,4.0,-1.0,1.0
290,866,4.0,4.0,0.0,0.0
290,2385,3.0,3.0,0.0,0.0
290,3203,3.0,4.0,1.0,1.0
290,2355,4.0,4.0,0.0,0.0
291,118696,4.0,4.0,0.0,0.0
291,72998,5.0,4.0,-1.0,1.0
291,102007,3.0,3.0,0.0,0.0
291,81834,5.0,4.5,-0.5,0.5
291,50872,5.0,4.5,-0.5,0.5
292,45447,4.0,3.0,-1.0,1.0
292,81845,4.0,4.0,0.0,0.0
292,2401,3.0,4.0,1.0,1.0
292,106696,4.0,3.5,-0.5,0.5
292,1240,4.0,4.0,0.0,0.0
293,1,3.0,3.0,0.0,0.0
293,3646,2.0,2.0,0.0,0.0
293,2411,3.0,2.0,-1.0,1.0
293,151,3.0,3.0,0.0,0.0
293,1029,2.0,3.0,1.0,1.0
294,3387,4.0,2.5,-1.5,1.5
294,500,3.0,3.0,0.0,0.0
294,2296,1.0,1.0,0.0,0.0
294,2423,4.0,3.0,-1.0,1.0
294,2640,4.0,3.0,-1.0,1.0
295,2329,5.0,5.0,0.0,0.0
295,1198,2.0,4.5,2.5,2.5
295,858,4.5,5.0,0.5,0.5
295,2719,0.5,1.5,1.0,1.0
295,296,5.0,5.0,0.0,0.0
296,2028,4.5,5.0,0.5,0.5
296,4144,5.0,5.0,0.0,0.0
296,2324,5.0,5.0,0.0,0.0
296,79132,5.0,5.0,0.0,0.0
296,50,5.0,5.0,0.0,0.0
297,70,2.0,3.0,1.0,1.0
297,1573,4.0,2.0,-2.0,2.0
297,292,2.0,3.0,1.0,1.0
297,6,5.0,3.5,-1.5,1.5
297,494,2.0,3.0,1.0,1.0
298,4989,1.0,1.5,0.5,0.5
298,1201,4.0,3.5,-0.5,0.5
298,2195,3.0,2.5,-0.5,0.5
298,56775,2.0,2.5,0.5,0.5
298,4248,0.5,1.0,0.5,0.5
299,3555,4.0,4.0,0.0,0.0
299,2628,2.0,3.0,1.0,1.0
299,2,3.0,3.5,0.5,0.5
299,1997,4.0,4.0,0.0,0.0
299,3623,3.0,3.0,0.0,0.0
300,112290,5.0,4.0,-1.0,1.0
300,5995,4.5,4.5,0.0,0.0
300,81591,5.0,4.0,-1.0,1.0
300,6711,5.0,4.5,-0.5,0.5
300,2329,4.0,4.5,0.5,0.5
301,4963,4.0,3.5,-0.5,0.5
301,47,4.5,4.0,-0.5,0.5
301,1270,2.5,4.0,1.5,1.5
301,3897,3.5,4.0,0.5,0.5
301,185,4.0,3.0,-1.0,1.0
302,858,5.0,5.0,0.0,0.0
302,377,3.0,4.0,1.0,1.0
302,707,4.0,3.0,-1.0,1.0
302,457,4.0,4.5,0.5,0.5
302,58,5.0,4.5,-0.5,0.5
303,1258,2.0,4.0,2.0,2.0
303,3527,5.0,4.0,-1.0,1.0
303,5445,3.5,4.0,0.5,0.5
303,1196,5.0,5.0,0.0,0.0
303,3703,5.0,4.0,-1.0,1.0
304,2567,4.0,3.0,-1.0,1.0
304,3155,5.0,4.0,-1.0,1.0
304,1385,5.0,3.5,-1.5,1.5
304,1876,4.0,3.5,-0.5,0.5
304,81,4.0,3.5,-0.5,0.5
305,139644,3.5,4.0,0.5,0.5
305,45720,3.5,4.0,0.5,0.5
305,1086,4.0,4.5,0.5,0.5
305,54272,5.0,4.0,-1.0,1.0
305,1262,5.0,5.0,0.0,0.0
306,75805,3.0,3.0,0.0,0.0
306,106696,4.0,3.5,-0.5,0.5
306,4720,3.0,3.5,0.5,0.5
306,85367,3.5,3.5,0.0,0.0
306,76293,3.5,3.5,0.0,0.0
307,1261,4.0,4.0,0.0,0.0
307,27434,0.5,1.0,0.5,0.5
307,1193,3.5,4.0,0.5,0.5
307,3705,2.5,2.0,-0.5,0.5
307,356,4.0,3.5,-0.5,0.5
308,8961,4.0,3.0,-1.0,1.0
308,21,1.0,2.0,1.0,1.0
308,1036,1.0,2.0,1.0,1.0
308,5816,5.0,3.5,-1.5,1.5
308,110,1.0,2.0,1.0,1.0
309,1234,4.0,4.0,0.0,0.0
309,3418,3.5,3.5,0.0,0.0
309,2944,4.0,4.0,0.0,0.0
309,1946,4.0,4.0,0.0,0.0
309,1537,4.5,4.0,-0.5,0.5
310,6410,4.5,4.0,-0.5,0.5
310,6863,5.0,3.5,-1.5,1.5
310,16,1.0,4.0,3.0,3.0
310,3996,4.0,4.0,0.0,0.0
310,246,4.0,4.0,0.0,0.0
311,1304,1.5,3.0,1.5,1.5
311,6365,3.5,3.0,-0.5,0.5
311,1258,4.0,3.5,-0.5,0.5
311,4936,2.0,3.0,1.0,1.0
311,16,2.5,3.5,1.0,1.0
312,253,4.0,4.0,0.0,0.0
312,1391,4.0,3.0,-1.0,1.0
312,2186,4.0,4.0,0.0,0.0
312,2890,4.0,4.0,0.0,0.0
312,5956,5.0,4.0,-1.0,1.0
313,3753,3.0,4.0,1.0,1.0
313,1391,4.0,3.0,-1.0,1.0
313,1376,2.0,3.0,1.0,1.0
313,610,5.0,4.0,-1.0,1.0
313,1587,5.0,3.0,-2.0,2.0
314,327,1.0,3.0,2.0,2.0
314,218,3.0,3.0,0.0,0.0
314,60,3.0,3.0,0.0,0.0
314,163,3.0,3.0,0.0,0.0
314,647,5.0,3.0,-2.0,2.0
315,2896,3.0,3.0,0.0,0.0
315,1276,4.0,4.0,0.0,0.0
315,2553,2.0,3.0,1.0,1.0
315,1333,3.0,3.5,0.5,0.5
315,1084,4.0,4.0,0.0,0.0
316,2054,2.0,2.5,0.5,0.5
316,4025,3.0,3.0,0.0,0.0
316,5679,4.0,3.0,-1.0,1.0
316,1073,3.0,3.5,0.5,0.5
316,4641,3.0,3.5,0.5,0.5
317,115149,4.0,4.0,0.0,0.0
317,91077,5.0,4.0,-1.0,1.0
317,457,3.0,4.0,1.0,1.0
317,318,4.0,4.5,0.5,0.5
317,3949,4.0,4.0,0.0,0.0
318,7124,3.5,3.5,0.0,0.0
318,4300,4.0,4.0,0.0,0.0
318,111364,3.0,3.0,0.0,0.0
318,6548,3.0,3.5,0.5,0.5
318,3521,4.5,4.0,-0.5,0.5
319,111759,3.5,4.5,1.0,1.0
319,2687,5.0,4.0,-1.0,1.0
319,106920,4.0,4.5,0.5,0.5
319,79132,5.0,5.0,0.0,0.0
319,6377,3.5,4.5,1.0,1.0
320,1013,3.5,3.0,-0.5,0.5
320,68358,4.0,4.0,0.0,0.0
320,59900,3.0,3.0,0.0,0.0
320,2058,4.0,3.5,-0.5,0.5
320,5785,4.0,3.5,-0.5,0.5
321,2,5.0,4.0,-1.0,1.0
321,24,4.0,3.0,-1.0,1.0
321,367,4.0,3.5,-0.5,0.5
321,186,4.0,3.0,-1.0,1.0
321,253,3.0,3.5,0.5,0.5
322,3451,3.0,4.0,1.0,1.0
322,318,4.0,3.5,-0.5,0.5
322,47,4.0,4.0,0.0,0.0
322,44555,5.0,4.0,-1.0,1.0
322,2882,2.5,2.0,-0.5,0.5
323,1092,3.0,3.0,0.0,0.0
323,356,3.5,4.0,0.5,0.5
323,115569,4.0,4.0,0.0,0.0
323,158,3.0,3.0,0.0,0.0
323,109374,2.0,3.5,1.5,1.5
324,432,2.0,2.0,0.0,0.0
324,3952,2.0,3.0,1.0,1.0
324,3948,4.0,3.0,-1.0,1.0
324,608,5.0,4.0,-1.0,1.0
324,3893,4.0,3.0,-1.0,1.0
325,407,2.0,3.0,1.0,1.0
325,1948,4.0,4.0,0.0,0.0
325,1298,4.0,4.0,0.0,0.0
325,2155,4.0,4.0,0.0,0.0
325,3424,5.0,4.0,-1.0,1.0
326,30707,3.5,4.0,0.5,0.5
326,134130,4.0,4.0,0.0,0.0
326,58303,4.5,4.0,-0.5,0.5
326,44555,4.5,4.0,-0.5,0.5
326,96829,4.0,4.0,0.0,0.0
327,2723,2.0,4.0,2.0,2.0
327,4718,5.0,4.0,-1.0,1.0
327,2706,5.0,4.0,-1.0,1.0
327,44972,5.0,3.0,-2.0,2.0
327,2470,3.5,4.0,0.5,0.5
328,45517,2.5,3.0,0.5,0.5
328,110,1.0,3.0,2.0,2.0
328,1302,0.5,3.0,2.5,2.5
328,59369,3.0,2.5,-0.5,0.5
328,2406,3.0,3.0,0.0,0.0
329,1292,5.0,3.5,-1.5,1.5
329,1201,2.0,3.5,1.5,1.5
329,50,2.0,3.5,1.5,1.5
329,1193,4.0,3.5,-0.5,0.5
329,1884,5.0,3.0,-2.0,2.0
330,344,0.5,3.0,2.5,2.5
330,32,5.0,4.0,-1.0,1.0
330,2987,4.0,3.5,-0.5,0.5
330,1073,5.0,4.0,-1.0,1.0
330,2324,5.0,4.0,-1.0,1.0
331,88125,4.0,4.0,0.0,0.0
331,4034,3.0,4.0,1.0,1.0
331,55820,5.0,4.0,-1.0,1.0
331,4018,2.0,3.0,1.0,1.0
331,94864,5.0,3.5,-1.5,1.5
332,1931,4.0,4.0,0.0,0.0
332,1214,4.5,4.0,-0.5,0.5
332,7063,4.0,4.0,0.0,0.0
332,65514,3.5,4.0,0.5,0.5
332,6365,3.0,3.5,0.5,0.5
333,3580,3.0,3.0,0.0,0.0
333,3717,3.0,2.5,-0.5,0.5
333,337,3.0,3.0,0.0,0.0
333,3797,1.0,2.0,1.0,1.0
333,3617,1.0,2.0,1.0,1.0
334,480,3.0,3.5,0.5,0.5
334,7153,3.5,3.5,0.0,0.0
334,74458,2.5,3.5,1.0,1.0
334,27773,3.0,3.5,0.5,0.5
334,31658,3.5,3.5,0.0,0.0
335,466,3.0,3.0,0.0,0.0
335,2770,1.0,3.0,2.0,2.0
335,435,0.5,3.0,2.5,2.5
335,2302,3.0,3.5,0.5,0.5
335,50,5.0,5.0,0.0,0.0
336,1,4.0,4.5,0.5,0.5
336,110,4.0,4.5,0.5,0.5
336,2353,3.5,4.0,0.5,0.5
336,356,4.5,4.5,0.0,0.0
336,628,4.5,4.0,-0.5,0.5
337,7,3.0,4.0,1.0,1.0
337,191,5.0,3.5,-1.5,1.5
337,24,5.0,4.0,-1.0,1.0
337,1,4.0,4.0,0.0,0.0
337,454,5.0,4.0,-1.0,1.0
338,190207,1.5,1.5,0.0,0.0
338,190215,1.5,1.5,0.0,0.0
338,593,4.0,4.0,0.0,0.0
338,7153,2.5,3.5,1.0,1.0
338,187593,1.0,3.5,2.5,2.5
339,106072,2.5,4.0,1.5,1.5
339,1193,5.0,4.5,-0.5,0.5
339,457,4.0,4.0,0.0,0.0
339,97923,3.5,4.0,0.5,0.5
339,1584,5.0,4.0,-1.0,1.0
340,288,4.0,4.0,0.0,0.0
340,648,4.0,4.0,0.0,0.0
340,253,4.0,4.0,0.0,0.0
340,589,4.0,4.5,0.5,0.5
340,10,4.0,4.0,0.0,0.0
341,5218,3.5,4.0,0.5,0.5
341,111617,4.5,4.0,-0.5,0.5
341,130087,4.5,4.0,-0.5,0.5
341,2720,3.0,3.0,0.0,0.0
341,115149,3.5,4.0,0.5,0.5
342,3203,3.0,3.0,0.0,0.0
342,3826,3.0,2.0,-1.0,1.0
342,24,3.0,3.0,0.0,0.0
342,2959,4.0,4.0,0.0,0.0
342,785,3.0,3.0,0.0,0.0
343,50,4.5,4.5,0.0,0.0
343,541,4.5,4.0,-0.5,0.5
343,5971,4.0,4.0,0.0,0.0
343,1213,5.0,4.5,-0.5,0.5
343,35836,5.0,4.0,-1.0,1.0
344,2858,5.0,4.5,-0.5,0.5
344,110,4.5,4.5,0.0,0.0
344,5502,1.0,3.5,2.5,2.5
344,356,5.0,4.5,-0.5,0.5
344,59315,4.5,4.0,-0.5,0.5
345,5902,4.0,4.0,0.0,0.0
345,8810,4.5,3.5,-1.0,1.0
345,11,2.5,4.0,1.5,1.5
345,27751,5.0,5.0,0.0,0.0
345,779,5.0,4.0,-1.0,1.0
346,7234,3.5,4.0,0.5,0.5
346,5995,4.0,4.0,0.0,0.0
346,7084,4.0,3.5,-0.5,0.5
346,1572,2.5,3.0,0.5,0.5
346,4020,3.0,3.0,0.0,0.0
347,590,3.0,4.0,1.0,1.0
347,357,3.0,4.0,1.0,1.0
347,364,4.0,4.0,0.0,0.0
347,648,4.0,4.0,0.0,0.0
347,539,4.0,4.0,0.0,0.0
348,2329,5.0,5.0,0.0,0.0
348,527,5.0,5.0,0.0,0.0
348,2357,5.0,5.0,0.0,0.0
348,912,5.0,5.0,0.0,0.0
348,1221,5.0,5.0,0.0,0.0
349,357,4.0,4.0,0.0,0.0
349,344,4.0,3.0,-1.0,1.0
349,161,4.0,4.0,0.0,0.0
349,586,3.0,3.0,0.0,0.0
349,595,3.0,4.0,1.0,1.0
350,673,3.0,3.0,0.0,0.0
350,661,3.0,3.0,0.0,0.0
350,653,3.0,3.0,0.0,0.0
350,786,4.0,3.0,-1.0,1.0
350,32,4.0,3.5,-0.5,0.5
351,30707,3.5,4.0,0.5,0.5
351,81562,4.0,4.0,0.0,0.0
351,4023,4.0,3.5,-0.5,0.5
351,6016,4.0,4.0,0.0,0.0
351,64622,3.5,3.5,0.0,0.0
352,1625,4.5,4.0,-0.5,0.5
352,590,5.0,4.0,-1.0,1.0
352,45447,3.5,3.0,-0.5,0.5
352,122904,2.5,4.0,1.5,1.5
352,106782,5.0,4.0,-1.0,1.0
353,229,3.0,3.0,0.0,0.0
353,158,3.0,3.0,0.0,0.0
353,296,5.0,5.0,0.0,0.0
353,380,3.0,3.0,0.0,0.0
353,1,5.0,4.0,-1.0,1.0
354,165,4.0,4.0,0.0,0.0
354,6874,4.5,4.0,-0.5,0.5
354,2701,3.5,3.0,-0.5,0.5
354,33679,3.5,3.5,0.0,0.0
354,3826,3.5,3.0,-0.5,0.5
355,910,4.0,4.0,0.0,0.0
355,2080,3.0,4.0,1.0,1.0
355,60,3.0,4.0,1.0,1.0
355,3269,4.0,3.0,-1.0,1.0
355,933,5.0,4.0,-1.0,1.0
356,1198,4.0,4.5,0.5,0.5
356,4370,3.5,4.0,0.5,0.5
356,58998,3.5,4.0,0.5,0.5
356,1136,4.0,4.0,0.0,0.0
356,5792,5.0,4.0,-1.0,1.0
357,4886,4.0,4.0,0.0,0.0
357,4040,3.5,3.0,-0.5,0.5
357,8998,4.0,4.0,0.0,0.0
357,40629,5.0,4.0,-1.0,1.0
357,594,4.0,4.0,0.0,0.0
358,52328,4.0,4.0,0.0,0.0
358,7255,4.0,3.0,-1.0,1.0
358,3081,4.0,3.5,-0.5,0.5
358,55052,5.0,3.5,-1.5,1.5
358,2226,1.0,0.5,-0.5,0.5
359,150,3.5,4.0,0.5,0.5
359,6377,4.5,4.0,-0.5,0.5
359,780,3.5,3.5,0.0,0.0
359,1,4.0,4.0,0.0,0.0
359,1270,3.0,4.0,1.0,1.0
360,1584,4.0,4.0,0.0,0.0
360,1626,2.0,3.0,1.0,1.0
360,1407,4.0,3.5,-0.5,0.5
360,1747,5.0,3.5,-1.5,1.5
360,1608,5.0,3.5,-1.5,1.5
361,5296,3.5,3.0,-0.5,0.5
361,2529,2.0,3.5,1.5,1.5
361,51662,3.5,3.5,0.0,0.0
361,858,2.5,3.5,1.0,1.0
361,32587,2.0,3.5,1.5,1.5
362,8360,4.0,4.0,0.0,0.0
362,296,5.0,4.5,-0.5,0.5
362,50,3.5,4.5,1.0,1.0
362,44665,4.0,4.0,0.0,0.0
362,5349,4.0,4.0,0.0,0.0
363,168252,4.0,4.0,0.0,0.0
363,1704,5.0,4.0,-1.0,1.0
363,4993,3.0,4.0,1.0,1.0
363,1784,3.5,3.5,0.0,0.0
363,832,2.5,3.0,0.5,0.5
364,1,5.0,4.0,-1.0,1.0
364,858,5.0,5.0,0.0,0.0
364,805,4.0,4.0,0.0,0.0
364,9,3.0,4.0,1.0,1.0
364,628,5.0,4.0,-1.0,1.0
365,2918,3.5,3.5,0.0,0.0
365,63131,2.0,3.0,1.0,1.0
365,111113,4.0,3.0,-1.0,1.0
365,76077,4.0,3.0,-1.0,1.0
365,142222,1.5,2.5,1.0,1.0
366,109487,5.0,4.0,-1.0,1.0
366,7438,4.0,4.0,0.0,0.0
366,59315,3.5,4.0,0.5,0.5
366,8961,4.0,4.0,0.0,0.0
366,4993,4.5,4.5,0.0,0.0
367,899,5.0,4.5,-0.5,0.5
367,1265,4.0,4.5,0.5,0.5
367,4025,5.0,4.0,-1.0,1.0
367,3453,4.0,3.5,-0.5,0.5
367,3969,4.0,4.0,0.0,0.0
368,431,3.0,3.0,0.0,0.0
368,527,5.0,4.0,-1.0,1.0
368,260,4.0,4.0,0.0,0.0
368,3811,3.0,3.0,0.0,0.0
368,3704,2.0,3.0,1.0,1.0
369,1923,3.5,3.5,0.0,0.0
369,1371,3.0,3.0,0.0,0.0
369,778,4.0,4.0,0.0,0.0
369,1196,4.0,4.0,0.0,0.0
369,27904,5.0,3.5,-1.5,1.5
370,2003,3.5,3.5,0.0,0.0
370,1196,2.5,4.0,1.5,1.5
370,2959,4.5,4.0,-0.5,0.5
370,5989,3.5,4.0,0.5,0.5
370,39,3.5,3.5,0.0,0.0
371,4090,4.0,4.5,0.5,0.5
371,2140,3.0,4.0,1.0,1.0
371,1274,5.0,5.0,0.0,0.0
371,4226,4.5,5.0,0.5,0.5
371,924,5.0,5.0,0.0,0.0
372,387,3.0,2.5,-0.5,0.5
372,1291,5.0,4.0,-1.0,1.0
372,1259,4.0,4.0,0.0,0.0
372,31,2.0,2.5,0.5,0.5
372,1041,4.0,4.5,0.5,0.5
373,527,5.0,5.0,0.0,0.0
373,305,5.0,3.0,-2.0,2.0
373,434,3.0,3.0,0.0,0.0
373,266,4.0,3.0,-1.0,1.0
373,265,5.0,4.0,-1.0,1.0
374,1350,5.0,4.0,-1.0,1.0
374,380,5.0,4.0,-1.0,1.0
374,1219,3.0,4.0,1.0,1.0
374,457,3.0,4.0,1.0,1.0
374,296,5.0,4.0,-1.0,1.0
375,4226,5.0,5.0,0.0,0.0
375,1779,3.5,4.0,0.5,0.5
375,2762,5.0,5.0,0.0,0.0
375,1805,4.0,4.0,0.0,0.0
375,1027,5.0,4.0,-1.0,1.0
376,1223,5.0,4.0,-1.0,1.0
376,1517,2.0,4.0,2.0,2.0
376,733,4.0,4.0,0.0,0.0
376,1196,4.0,4.0,0.0,0.0
376,33794,4.0,4.0,0.0,0.0
377,2826,4.0,3.5,-0.5,0.5
377,2072,3.5,4.0,0.5,0.5
377,1172,4.5,4.5,0.0,0.0
377,1274,5.0,4.0,-1.0,1.0
377,35836,4.5,4.0,-0.5,0.5
378,48516,4.5,4.0,-0.5,0.5
378,90600,3.5,3.5,0.0,0.0
378,48394,3.5,4.0,0.5,0.5
378,97304,3.5,4.0,0.5,0.5
378,33794,4.5,4.0,-0.5,0.5
379,597,3.0,4.0,1.0,1.0
379,296,2.0,3.5,1.5,1.5
379,457,5.0,4.0,-1.0,1.0
379,539,4.0,4.0,0.0,0.0
379,339,3.0,3.0,0.0,0.0
380,5072,5.0,4.0,-1.0,1.0
380,2005,3.5,4.0,0.5,0.5
380,313,3.0,3.0,0.0,0.0
380,86332,5.0,4.0,-1.0,1.0
380,5784,3.0,3.0,0.0,0.0
381,54780,3.0,3.5,0.5,0.5
381,63072,4.0,4.0,0.0,0.0
381,104,3.5,3.5,0.0,0.0
381,78105,3.0,3.0,0.0,0.0
381,551,5.0,4.0,-1.0,1.0
382,4085,4.0,3.5,-0.5,0.5
382,112460,2.0,2.5,0.5,0.5
382,1653,4.5,4.5,0.0,0.0
382,53464,3.5,3.0,-0.5,0.5
382,33158,2.5,2.0,-0.5,0.5
383,2447,3.0,3.5,0.5,0.5
383,2539,2.0,3.0,1.0,1.0
383,2881,4.0,3.0,-1.0,1.0
383,2762,5.0,4.0,-1.0,1.0
383,1584,4.0,4.0,0.0,0.0
384,2259,3.0,3.0,0.0,0.0
384,60,4.0,3.0,-1.0,1.0
384,3219,4.0,3.0,-1.0,1.0
384,358,2.0,3.0,1.0,1.0
384,3991,2.0,3.0,1.0,1.0
385,608,5.0,4.0,-1.0,1.0
385,112,3.0,3.0,0.0,0.0
385,260,4.0,4.0,0.0,0.0
385,1228,4.0,4.0,0.0,0.0
385,1079,4.0,4.0,0.0,0.0
386,410,3.0,3.0,0.0,0.0
386,153,2.0,3.0,1.0,1.0
386,21,4.0,3.0,-1.0,1.0
386,39,3.0,3.0,0.0,0.0
386,223,3.0,3.0,0.0,0.0
387,2797,2.5,3.5,1.0,1.0
387,3638,3.0,3.0,0.0,0.0
387,2488,3.5,3.0,-0.5,0.5
387,911,4.0,3.5,-0.5,0.5
387,2762,2.5,4.0,1.5,1.5
388,103335,5.0,4.0,-1.0,1.0
388,8360,5.0,4.0,-1.0,1.0
388,6550,3.5,3.0,-0.5,0.5
388,62999,5.0,4.0,-1.0,1.0
388,4306,5.0,4.0,-1.0,1.0
389,376,4.0,4.0,0.0,0.0
389,648,3.0,4.0,1.0,1.0
389,784,3.0,4.0,1.0,1.0
389,780,5.0,4.0,-1.0,1.0
389,65,4.0,3.0,-1.0,1.0
390,3910,3.5,4.0,0.5,0.5
390,110,4.0,4.0,0.0,0.0
390,2571,4.5,4.0,-0.5,0.5
390,3967,3.5,4.0,0.5,0.5
390,2288,4.0,4.0,0.0,0.0
391,4237,4.0,4.0,0.0,0.0
391,3535,2.0,4.0,2.0,2.0
391,1088,1.0,3.0,2.0,2.0
391,2912,3.0,4.0,1.0,1.0
391,1296,4.0,3.5,-0.5,0.5
392,2291,4.0,3.5,-0.5,0.5
392,2827,3.0,1.5,-1.5,1.5
392,534,3.0,3.0,0.0,0.0
392,3824,2.0,1.5,-0.5,0.5
392,2683,5.0,3.0,-2.0,2.0
393,1732,0.5,3.5,3.0,3.0
393,5445,0.5,2.5,2.0,2.0
393,5669,5.0,4.5,-0.5,0.5
393,59315,5.0,5.0,0.0,0.0
393,589,0.5,5.0,4.5,4.5
394,454,2.0,3.0,1.0,1.0
394,339,3.0,3.0,0.0,0.0
394,34,3.0,3.0,0.0,0.0
394,316,2.0,3.0,1.0,1.0
394,480,3.0,3.0,0.0,0.0
395,2,3.0,3.0,0.0,0.0
395,95,3.0,3.0,0.0,0.0
395,586,3.0,3.0,0.0,0.0
395,410,3.0,3.0,0.0,0.0
395,173,4.0,3.0,-1.0,1.0
396,783,4.0,3.0,-1.0,1.0
396,4886,4.0,3.5,-0.5,0.5
396,745,4.0,4.0,0.0,0.0
396,2329,4.5,4.0,-0.5,0.5
396,1,5.0,4.0,-1.0,1.0
397,5291,4.0,4.0,0.0,0.0
397,1953,4.5,4.0,-0.5,0.5
397,123,5.0,4.5,-0.5,0.5
397,1701,4.0,4.0,0.0,0.0
397,6016,4.0,4.5,0.5,0.5
398,59387,5.0,4.5,-0.5,0.5
398,5618,5.0,4.5,-0.5,0.5
398,5971,5.0,4.5,-0.5,0.5
398,81845,5.0,4.5,-0.5,0.5
398,31658,4.0,4.5,0.5,0.5
399,33794,2.5,4.0,1.5,1.5
399,1262,3.5,4.5,1.0,1.0
399,4886,4.0,4.0,0.0,0.0
399,6333,5.0,4.0,-1.0,1.0
399,1580,0.5,3.5,3.0,3.0
400,76093,4.5,4.5,0.0,0.0
400,2959,5.0,5.0,0.0,0.0
400,3578,4.0,4.5,0.5,0.5
400,59615,2.5,4.0,1.5,1.5
400,52722,2.5,4.0,1.5,1.5
401,364,3.5,4.0,0.5,0.5
401,112852,3.5,4.0,0.5,0.5
401,4366,4.5,3.0,-1.5,1.5
401,1,3.5,4.0,0.5,0.5
401,6942,4.0,3.5,-0.5,0.5
402,480,4.0,4.5,0.5,0.5
402,743,3.0,3.0,0.0,0.0
402,477,3.0,4.0,1.0,1.0
402,786,5.0,4.0,-1.0,1.0
402,457,4.0,4.0,0.0,0.0
403,2502,4.5,4.0,-0.5,0.5
403,2871,3.0,4.0,1.0,1.0
403,58998,4.0,4.0,0.0,0.0
403,7361,4.5,4.5,0.0,0.0
403,1266,4.0,4.0,0.0,0.0
404,11,4.0,3.5,-0.5,0.5
404,47,3.0,4.0,1.0,1.0
404,357,4.0,3.0,-1.0,1.0
404,457,4.0,4.0,0.0,0.0
404,172,3.0,3.0,0.0,0.0
405,1732,3.5,4.0,0.5,0.5
405,2021,3.5,4.0,0.5,0.5
405,110,4.0,4.5,0.5,0.5
405,3052,3.5,4.0,0.5,0.5
405,1206,4.5,4.0,-0.5,0.5
406,135,4.0,3.0,-1.0,1.0
406,44840,3.5,3.0,-0.5,0.5
406,5620,5.0,3.0,-2.0,2.0
406,261,4.0,4.0,0.0,0.0
406,1644,2.0,2.5,0.5,0.5
407,260,4.0,4.5,0.5,0.5
407,7153,5.0,4.5,-0.5,0.5
407,2959,5.0,4.5,-0.5,0.5
407,293,3.0,4.0,1.0,1.0
407,58559,5.0,4.5,-0.5,0.5
408,48780,5.0,4.5,-0.5,0.5
408,93363,4.0,4.0,0.0,0.0
408,3175,5.0,4.0,-1.0,1.0
408,7153,5.0,5.0,0.0,0.0
408,79132,3.5,4.5,1.0,1.0
409,2699,4.0,3.0,-1.0,1.0
409,1073,4.0,4.0,0.0,0.0
409,3760,5.0,4.0,-1.0,1.0
409,2598,2.0,3.0,1.0,1.0
409,3040,4.0,3.5,-0.5,0.5
410,2843,2.0,4.0,2.0,2.0
410,3067,4.0,4.0,0.0,0.0
410,2144,4.0,4.0,0.0,0.0
410,1235,5.0,4.5,-0.5,0.5
410,2769,4.0,4.0,0.0,0.0
411,170,3.0,3.0,0.0,0.0
411,534,2.0,3.0,1.0,1.0
411,371,4.0,3.0,-1.0,1.0
411,275,1.0,2.0,1.0,1.0
411,246,5.0,4.5,-0.5,0.5
412,1172,4.0,5.0,1.0,1.0
412,2278,3.0,3.5,0.5,0.5
412,2108,5.0,4.0,-1.0,1.0
412,1307,5.0,4.0,-1.0,1.0
412,1278,5.0,4.0,-1.0,1.0
413,16,5.0,5.0,0.0,0.0
413,593,5.0,5.0,0.0,0.0
413,4262,5.0,5.0,0.0,0.0
413,1704,5.0,5.0,0.0,0.0
413,2424,3.5,4.0,0.5,0.5
414,4214,3.0,3.0,0.0,0.0
414,3810,3.0,3.0,0.0,0.0
414,3391,2.0,2.5,0.5,0.5
414,2378,3.0,3.0,0.0,0.0
414,3844,2.0,4.0,2.0,2.0
415,1393,3.5,4.0,0.5,0.5
415,908,5.0,4.5,-0.5,0.5
415,2942,3.0,3.5,0.5,0.5
415,4499,4.5,4.5,0.0,0.0
415,47,4.0,4.0,0.0,0.0
416,6365,0.5,1.0,0.5,0.5
416,5902,4.0,4.0,0.0,0.0
416,7323,4.5,3.5,-1.0,1.0
416,750,4.5,4.0,-0.5,0.5
416,2858,3.5,4.0,0.5,0.5
417,6016,5.0,5.0,0.0,0.0
417,1682,5.0,4.5,-0.5,0.5
417,356,4.0,5.0,1.0,1.0
417,1193,4.5,5.0,0.5,0.5
417,49530,4.0,4.5,0.5,0.5
418,4226,3.5,4.5,1.0,1.0
418,1270,4.5,4.5,0.0,0.0
418,8368,5.0,4.5,-0.5,0.5
418,88129,4.5,4.0,-0.5,0.5
418,50,4.5,4.5,0.0,0.0
419,4958,4.0,3.5,-0.5,0.5
419,79592,3.5,3.5,0.0,0.0
419,1206,4.5,4.5,0.0,0.0
419,1090,4.0,4.5,0.5,0.5
419,46970,3.5,3.5,0.0,0.0
420,4308,4.5,4.0,-0.5,0.5
420,8874,3.5,4.0,0.5,0.5
420,1580,3.5,4.0,0.5,0.5
420,2959,4.0,4.0,0.0,0.0
420,7153,4.5,4.0,-0.5,0.5
421,1287,4.5,4.0,-0.5,0.5
421,1203,4.5,4.5,0.0,0.0
421,904,4.0,4.5,0.5,0.5
421,3949,4.5,4.5,0.0,0.0
421,64969,4.0,4.0,0.0,0.0
422,2728,5.0,4.0,-1.0,1.0
422,1617,4.0,4.0,0.0,0.0
422,3468,4.0,4.0,0.0,0.0
422,4133,2.0,2.5,0.5,0.5
422,1,4.0,4.0,0.0,0.0
423,1653,5.0,4.0,-1.0,1.0
423,589,5.0,4.0,-1.0,1.0
423,104,3.0,3.5,0.5,0.5
423,480,5.0,4.0,-1.0,1.0
423,2268,4.0,4.0,0.0,0.0
424,6290,4.5,3.0,-1.5,1.5
424,44191,3.5,4.0,0.5,0.5
424,364,4.5,4.0,-0.5,0.5
424,1207,3.5,4.0,0.5,0.5
424,2858,2.5,4.0,1.5,1.5
425,2701,3.0,3.0,0.0,0.0
425,2006,2.5,3.5,1.0,1.0
425,1357,4.0,4.0,0.0,0.0
425,3418,4.0,3.5,-0.5,0.5
425,590,4.0,4.0,0.0,0.0
426,60069,3.5,4.0,0.5,0.5
426,2,4.5,3.5,-1.0,1.0
426,3255,4.0,3.5,-0.5,0.5
426,2375,3.0,3.0,0.0,0.0
426,500,5.0,3.5,-1.5,1.5
427,5696,3.0,2.0,-1.0,1.0
427,16,4.0,4.0,0.0,0.0
427,5388,3.0,3.0,0.0,0.0
427,3578,4.0,4.0,0.0,0.0
427,1304,4.0,4.0,0.0,0.0
428,3994,3.5,3.0,-0.5,0.5
428,6188,4.0,3.0,-1.0,1.0
428,2706,3.0,2.5,-0.5,0.5
428,145,2.5,3.0,0.5,0.5
428,4973,4.0,4.0,0.0,0.0
429,22,4.0,4.0,0.0,0.0
429,161,5.0,4.0,-1.0,1.0
429,289,5.0,4.0,-1.0,1.0
429,204,4.0,4.0,0.0,0.0
429,349,3.0,4.0,1.0,1.0
430,34,3.0,4.0,1.0,1.0
430,858,4.0,5.0,1.0,1.0
430,3751,4.0,4.0,0.0,0.0
430,1680,5.0,4.0,-1.0,1.0
430,4306,4.0,4.0,0.0,0.0
431,158,1.0,2.0,1.0,1.0
431,2006,1.5,2.0,0.5,0.5
431,1625,4.0,3.0,-1.0,1.0
431,163,3.0,3.0,0.0,0.0
431,555,5.0,3.0,-2.0,2.0
432,593,4.0,4.0,0.0,0.0
432,27708,4.0,4.0,0.0,0.0
432,64983,3.5,3.5,0.0,0.0
432,33493,4.0,4.0,0.0,0.0
432,58293,2.5,3.0,0.5,0.5
433,47,3.0,3.5,0.5,0.5
433,6016,3.5,4.0,0.5,0.5
433,778,4.5,4.0,-0.5,0.5
433,50,5.0,4.0,-1.0,1.0
433,74458,3.0,4.0,1.0,1.0
434,1580,3.5,3.5,0.0,0.0
434,59315,4.0,4.0,0.0,0.0
434,74452,4.0,2.5,-1.5,1.5
434,110,4.5,4.0,-0.5,0.5
434,3107,3.5,3.0,-0.5,0.5
435,6539,4.5,4.5,0.0,0.0
435,2002,4.0,4.0,0.0,0.0
435,524,4.0,4.0,0.0,0.0
435,6874,4.5,4.5,0.0,0.0
435,216,5.0,4.0,-1.0,1.0
436,593,3.0,4.0,1.0,1.0
436,165,3.0,3.0,0.0,0.0
436,48,4.0,3.0,-1.0,1.0
436,508,4.0,3.0,-1.0,1.0
436,588,3.0,3.5,0.5,0.5
437,86,3.0,4.0,1.0,1.0
437,292,4.0,4.0,0.0,0.0
437,300,5.0,4.0,-1.0,1.0
437,1093,4.0,3.0,-1.0,1.0
437,16,5.0,4.0,-1.0,1.0
438,7458,3.0,3.5,0.5,0.5
438,3512,3.0,3.5,0.5,0.5
438,5943,3.5,3.0,-0.5,0.5
438,3103,3.5,3.0,-0.5,0.5
438,2701,2.0,2.5,0.5,0.5
439,110,3.5,4.0,0.5,0.5
439,8961,4.0,4.0,0.0,0.0
439,5952,4.0,4.5,0.5,0.5
439,318,5.0,4.5,-0.5,0.5
439,1291,3.0,4.0,1.0,1.0
440,48774,3.5,4.5,1.0,1.0
440,1653,4.0,4.0,0.0,0.0
440,4878,4.5,4.0,-0.5,0.5
440,1921,3.5,4.0,0.5,0.5
440,1093,3.0,4.0,1.0,1.0
441,71535,4.0,4.5,0.5,0.5
441,4980,3.5,4.0,0.5,0.5
441,4993,5.0,4.5,-0.5,0.5
441,106782,4.0,4.5,0.5,0.5
441,58998,4.0,4.5,0.5,0.5
442,362,2.5,2.5,0.0,0.0
442,3752,2.0,2.0,0.0,0.0
442,3386,0.5,2.5,2.0,2.0
442,468,1.5,2.0,0.5,0.5
442,1644,0.5,2.0,1.5,1.5
443,5952,5.0,4.5,-0.5,0.5
443,2762,3.5,4.0,0.5,0.5
443,318,5.0,4.5,-0.5,0.5
443,96430,5.0,5.0,0.0,0.0
443,114180,3.0,3.5,0.5,0.5
444,356,5.0,4.0,-1.0,1.0
444,231,1.0,3.0,2.0,2.0
444,110,4.0,4.5,0.5,0.5
444,357,4.0,4.0,0.0,0.0
444,50,5.0,5.0,0.0,0.0
445,111,3.0,4.0,1.0,1.0
445,4011,3.5,4.0,0.5,0.5
445,457,4.0,4.0,0.0,0.0
445,17,3.5,3.5,0.0,0.0
445,5878,4.5,4.0,-0.5,0.5
446,588,3.0,3.5,0.5,0.5
446,2,3.0,3.0,0.0,0.0
446,454,3.0,3.0,0.0,0.0
446,186,3.0,3.0,0.0,0.0
446,50,4.0,4.0,0.0,0.0
447,350,4.0,4.0,0.0,0.0
447,2,5.0,4.0,-1.0,1.0
447,353,5.0,4.0,-1.0,1.0
447,225,4.0,4.0,0.0,0.0
447,165,4.0,4.0,0.0,0.0
448,1476,5.0,3.5,-1.5,1.5
448,3361,4.0,4.0,0.0,0.0
448,79224,1.0,2.0,1.0,1.0
448,2973,4.0,4.0,0.0,0.0
448,2641,3.0,3.0,0.0,0.0
449,4034,3.5,4.0,0.5,0.5
449,5669,4.5,4.0,-0.5,0.5
449,318,5.0,4.5,-0.5,0.5
449,2011,2.5,3.5,1.0,1.0
449,3996,3.5,4.0,0.5,0.5
450,3948,4.0,4.0,0.0,0.0
450,3863,4.0,4.0,0.0,0.0
450,3955,2.0,2.0,0.0,0.0
450,1193,5.0,5.0,0.0,0.0
450,2291,4.0,4.0,0.0,0.0
451,494,3.0,4.0,1.0,1.0
451,661,4.0,4.0,0.0,0.0
451,788,1.0,3.0,2.0,2.0
451,786,3.0,3.5,0.5,0.5
451,95,4.0,3.0,-1.0,1.0
452,1954,4.0,5.0,1.0,1.0
452,380,5.0,4.0,-1.0,1.0
452,1036,4.0,5.0,1.0,1.0
452,3552,5.0,4.5,-0.5,0.5
452,4367,5.0,4.0,-1.0,1.0
453,4605,4.0,4.0,0.0,0.0
453,104,4.0,4.0,0.0,0.0
453,858,4.0,5.0,1.0,1.0
453,1020,5.0,4.0,-1.0,1.0
453,344,4.0,4.0,0.0,0.0
454,53953,2.5,3.0,0.5,0.5
454,4754,4.0,4.0,0.0,0.0
454,4878,3.5,4.0,0.5,0.5
454,68237,4.0,4.0,0.0,0.0
454,26131,3.0,4.0,1.0,1.0
455,11,4.0,4.0,0.0,0.0
455,111,3.0,4.0,1.0,1.0
455,357,4.0,3.0,-1.0,1.0
455,261,4.0,3.5,-0.5,0.5
455,380,3.0,3.5,0.5,0.5
456,1073,3.0,4.0,1.0,1.0
456,719,3.0,3.0,0.0,0.0
456,724,4.0,4.0,0.0,0.0
456,1060,4.0,4.0,0.0,0.0
456,810,3.0,3.0,0.0,0.0
457,1372,2.0,3.5,1.5,1.5
457,3273,2.0,3.0,1.0,1.0
457,2694,3.0,3.0,0.0,0.0
457,3717,5.0,3.0,-2.0,2.0
457,1376,4.0,3.5,-0.5,0.5
458,2,4.0,4.0,0.0,0.0
458,39,4.0,4.0,0.0,0.0
458,350,4.0,4.0,0.0,0.0
458,165,4.0,4.0,0.0,0.0
458,480,5.0,4.0,-1.0,1.0
459,5618,5.0,4.5,-0.5,0.5
459,68157,4.5,4.5,0.0,0.0
459,260,4.0,4.5,0.5,0.5
459,122922,5.0,4.0,-1.0,1.0
459,8368,4.5,4.5,0.0,0.0
460,4878,4.5,4.5,0.0,0.0
460,1,4.5,4.0,-0.5,0.5
460,3615,3.0,4.0,1.0,1.0
460,4886,4.0,4.0,0.0,0.0
460,2959,4.5,4.5,0.0,0.0
461,587,4.0,3.0,-1.0,1.0
461,1259,4.0,4.0,0.0,0.0
461,593,4.0,4.0,0.0,0.0
461,68157,0.5,4.0,3.5,3.5
461,186,4.0,3.0,-1.0,1.0
462,7387,4.0,4.0,0.0,0.0
462,597,1.5,3.5,2.0,2.0
462,86882,2.5,3.5,1.0,1.0
462,103624,4.0,4.0,0.0,0.0
462,2375,0.5,3.0,2.5,2.5
463,8622,3.5,4.0,0.5,0.5
463,2028,4.5,4.5,0.0,0.0
463,6377,3.5,4.0,0.5,0.5
463,3448,3.0,4.0,1.0,1.0
463,1092,3.0,3.5,0.5,0.5
464,4993,5.0,4.5,-0.5,0.5
464,31410,4.0,4.0,0.0,0.0
464,260,5.0,4.5,-0.5,0.5
464,527,4.5,4.5,0.0,0.0
464,2021,4.5,3.5,-1.0,1.0
465,2890,3.0,4.0,1.0,1.0
465,292,3.0,4.0,1.0,1.0
465,1267,5.0,5.0,0.0,0.0
465,2353,4.0,4.0,0.0,0.0
465,457,4.0,4.5,0.5,0.5
466,59784,4.5,4.0,-0.5,0.5
466,2571,4.0,4.0,0.0,0.0
466,6874,3.5,4.0,0.5,0.5
466,52722,3.5,3.5,0.0,0.0
466,3825,4.5,3.5,-1.0,1.0
467,41,4.0,4.0,0.0,0.0
467,2028,4.0,4.0,0.0,0.0
467,1233,5.0,4.0,-1.0,1.0
467,58,5.0,4.0,-1.0,1.0
467,2324,5.0,4.0,-1.0,1.0
468,592,3.0,3.0,0.0,0.0
468,253,4.0,3.0,-1.0,1.0
468,410,3.0,3.0,0.0,0.0
468,288,2.0,3.0,1.0,1.0
468,160,2.0,3.0,1.0,1.0
469,610,3.0,3.0,0.0,0.0
469,913,3.0,4.0,1.0,1.0
469,435,3.0,3.0,0.0,0.0
469,3809,4.0,3.0,-1.0,1.0
469,2376,3.0,3.0,0.0,0.0
470,253,3.0,4.0,1.0,1.0
470,1,4.0,4.0,0.0,0.0
470,150,3.0,4.0,1.0,1.0
470,261,3.0,4.0,1.0,1.0
470,50,3.0,4.0,1.0,1.0
471,6016,4.0,4.0,0.0,0.0
471,116797,3.0,4.0,1.0,1.0
471,4973,4.0,4.0,0.0,0.0
471,78499,4.5,4.0,-0.5,0.5
471,1,5.0,4.0,-1.0,1.0
472,91529,5.0,4.5,-0.5,0.5
472,3178,4.0,4.0,0.0,0.0
472,2431,4.0,4.0,0.0,0.0
472,4993,4.0,4.5,0.5,0.5
472,1892,4.0,4.0,0.0,0.0
473,3988,2.0,3.0,1.0,1.0
473,2596,4.0,4.0,0.0,0.0
473,1760,0.5,2.0,1.5,1.5
473,30810,4.5,3.5,-1.0,1.0
473,48322,3.5,3.5,0.0,0.0
474,6201,5.0,4.5,-0.5,0.5
474,49647,4.0,3.5,-0.5,0.5
474,4478,3.0,3.5,0.5,0.5
474,34072,3.5,3.5,0.0,0.0
474,1357,3.5,4.0,0.5,0.5
475,32031,3.5,4.0,0.5,0.5
475,118696,4.5,4.5,0.0,0.0
475,2617,5.0,4.0,-1.0,1.0
475,2353,4.5,4.0,-0.5,0.5
475,81834,5.0,4.5,-0.5,0.5
476,261,5.0,4.0,-1.0,1.0
476,1,4.0,4.0,0.0,0.0
476,421,4.0,3.0,-1.0,1.0
476,13,3.0,3.0,0.0,0.0
476,474,4.0,4.0,0.0,0.0
477,1193,4.5,4.5,0.0,0.0
477,6539,3.0,4.0,1.0,1.0
477,61323,4.5,4.0,-0.5,0.5
477,745,5.0,4.0,-1.0,1.0
477,1913,4.0,4.0,0.0,0.0
478,104,2.0,3.0,1.0,1.0
478,2987,2.5,3.0,0.5,0.5
478,1073,4.0,3.5,-0.5,0.5
478,266,1.5,3.0,1.5,1.5
478,3793,3.5,3.0,-0.5,0.5
479,533,2.0,3.0,1.0,1.0
479,1231,5.0,4.0,-1.0,1.0
479,4700,4.0,3.0,-1.0,1.0
479,2384,4.0,3.0,-1.0,1.0
479,4488,3.0,3.0,0.0,0.0
480,7162,4.5,3.5,-1.0,1.0
480,48783,4.0,3.5,-0.5,0.5
480,2617,3.0,2.5,-0.5,0.5
480,45726,2.5,2.5,0.0,0.0
480,1271,3.0,3.5,0.5,0.5
481,1693,3.0,3.0,0.0,0.0
481,1614,2.0,2.0,0.0,0.0
481,1672,2.0,3.0,1.0,1.0
481,1617,5.0,4.0,-1.0,1.0
481,1584,3.0,3.0,0.0,0.0
482,2640,5.0,4.0,-1.0,1.0
482,1602,1.0,2.0,1.0,1.0
482,780,4.5,4.0,-0.5,0.5
482,1288,3.5,4.0,0.5,0.5
482,8361,4.5,3.0,-1.5,1.5
483,265,3.0,4.0,1.0,1.0
483,3317,5.0,4.0,-1.0,1.0
483,3174,5.0,3.5,-1.5,1.5
483,30793,4.0,3.0,-1.0,1.0
483,48385,4.0,3.5,-0.5,0.5
484,594,5.0,4.0,-1.0,1.0
484,3697,2.0,3.5,1.5,1.5
484,6868,4.0,4.0,0.0,0.0
484,3253,4.0,4.0,0.0,0.0
484,8917,4.0,4.0,0.0,0.0
485,356,5.0,4.0,-1.0,1.0
485,292,5.0,4.0,-1.0,1.0
485,10,4.0,4.0,0.0,0.0
485,253,1.0,3.5,2.5,2.5
485,434,4.0,3.5,-0.5,0.5
486,6,5.0,4.5,-0.5,0.5
486,44,4.0,3.0,-1.0,1.0
486,356,5.0,5.0,0.0,0.0
486,161,5.0,4.5,-0.5,0.5
486,231,3.0,4.0,1.0,1.0
487,260,4.0,3.5,-0.5,0.5
487,1197,4.0,3.5,-0.5,0.5
487,7438,4.0,3.5,-0.5,0.5
487,4027,3.0,3.5,0.5,0.5
487,4963,2.5,3.5,1.0,1.0
488,3996,4.5,4.0,-0.5,0.5
488,246,4.0,4.5,0.5,0.5
488,36,4.5,4.0,-0.5,0.5
488,4703,5.0,3.5,-1.5,1.5
488,2762,5.0,4.0,-1.0,1.0
489,89745,4.5,4.0,-0.5,0.5
489,1917,3.5,2.5,-1.0,1.0
489,60684,4.0,4.0,0.0,0.0
489,5313,3.0,1.5,-1.5,1.5
489,480,3.5,3.5,0.0,0.0
490,64839,4.0,3.5,-0.5,0.5
490,231,1.5,2.5,1.0,1.0
490,5816,2.5,3.0,0.5,0.5
490,54272,3.0,3.0,0.0,0.0
490,367,2.0,2.5,0.5,0.5
491,91077,4.0,4.0,0.0,0.0
491,106918,4.5,4.0,-0.5,0.5
491,104,2.5,4.0,1.5,1.5
491,69757,4.0,4.0,0.0,0.0
491,597,4.5,4.0,-0.5,0.5
492,662,4.0,4.0,0.0,0.0
492,692,4.0,3.0,-1.0,1.0
492,7,3.0,4.0,1.0,1.0
492,725,3.0,3.0,0.0,0.0
492,112,5.0,4.0,-1.0,1.0
493,6,4.0,4.0,0.0,0.0
493,349,3.0,4.0,1.0,1.0
493,3267,4.0,4.0,0.0,0.0
493,1918,4.0,3.0,-1.0,1.0
493,1170,3.0,2.5,-0.5,0.5
494,110,5.0,5.0,0.0,0.0
494,1204,3.0,5.0,2.0,2.0
494,1036,5.0,5.0,0.0,0.0
494,260,5.0,5.0,0.0,0.0
494,1214,5.0,4.5,-0.5,0.5
495,63131,3.5,4.5,1.0,1.0
495,6373,4.0,4.0,0.0,0.0
495,4816,5.0,4.0,-1.0,1.0
495,1059,5.0,4.5,-0.5,0.5
495,216,4.0,4.0,0.0,0.0
496,112852,3.0,4.0,1.0,1.0
496,8865,2.5,2.5,0.0,0.0
496,7151,3.5,3.5,0.0,0.0
496,99149,4.0,3.5,-0.5,0.5
496,4191,2.5,3.0,0.5,0.5
497,96829,5.0,4.0,-1.0,1.0
497,79132,2.0,4.0,2.0,2.0
497,112183,5.0,3.0,-2.0,2.0
497,858,4.0,4.0,0.0,0.0
497,2329,5.0,4.0,-1.0,1.0
498,434,3.0,4.0,1.0,1.0
498,231,5.0,4.0,-1.0,1.0
498,364,5.0,5.0,0.0,0.0
498,344,2.0,3.0,1.0,1.0
498,296,4.0,4.5,0.5,0.5
499,2083,3.5,4.0,0.5,0.5
499,3508,4.0,4.0,0.0,0.0
499,2183,3.0,3.5,0.5,0.5
499,27731,3.5,4.0,0.5,0.5
499,327,0.5,2.5,2.0,2.0
500,3175,4.0,3.5,-0.5,0.5
500,1,4.0,4.0,0.0,0.0
500,2987,4.0,4.0,0.0,0.0
500,594,3.0,3.5,0.5,0.5
500,356,4.0,4.0,0.0,0.0
501,709,3.0,3.0,0.0,0.0
501,95,4.0,3.0,-1.0,1.0
501,103,3.0,3.0,0.0,0.0
501,805,4.0,3.0,-1.0,1.0
501,647,4.0,3.0,-1.0,1.0
502,3469,5.0,4.0,-1.0,1.0
502,1625,0.5,3.5,3.0,3.0
502,3101,3.0,3.0,0.0,0.0
502,2657,3.5,3.0,-0.5,0.5
502,1777,0.5,3.0,2.5,2.5
503,8042,5.0,4.0,-1.0,1.0
503,1213,5.0,4.0,-1.0,1.0
503,46231,2.0,2.0,0.0,0.0
503,48394,4.0,3.5,-0.5,0.5
503,147,5.0,3.5,-1.5,1.5
504,6870,5.0,4.0,-1.0,1.0
504,1,4.0,4.0,0.0,0.0
504,3039,4.0,4.0,0.0,0.0
504,2353,4.0,3.5,-0.5,0.5
504,1307,4.5,4.0,-0.5,0.5
505,54999,3.0,4.0,1.0,1.0
505,2959,5.0,4.5,-0.5,0.5
505,7360,5.0,4.0,-1.0,1.0
505,3461,4.0,3.5,-0.5,0.5
505,1033,4.0,4.0,0.0,0.0
506,56782,4.0,4.0,0.0,0.0
506,48997,3.5,3.0,-0.5,0.5
506,41571,3.0,3.5,0.5,0.5
506,56949,3.0,3.0,0.0,0.0
506,37741,4.0,4.0,0.0,0.0
507,34,5.0,3.5,-1.5,1.5
507,589,3.0,3.5,0.5,0.5
507,457,4.0,4.0,0.0,0.0
507,39,3.0,3.0,0.0,0.0
507,266,3.0,3.0,0.0,0.0
508,1222,4.5,4.0,-0.5,0.5
508,2243,2.0,2.0,0.0,0.0
508,107,2.0,2.0,0.0,0.0
508,2366,1.5,3.0,1.5,1.5
508,1378,2.0,2.0,0.0,0.0
509,1367,2.5,3.0,0.5,0.5
509,1704,3.5,3.5,0.0,0.0
509,912,3.0,3.5,0.5,0.5
509,129229,2.0,2.0,0.0,0.0
509,2052,3.0,3.0,0.0,0.0
510,3527,3.0,3.0,0.0,0.0
510,317,1.0,3.0,2.0,2.0
510,104,3.0,3.0,0.0,0.0
510,4262,3.5,3.5,0.0,0.0
510,2791,4.0,3.5,-0.5,0.5
511,53953,3.5,4.0,0.5,0.5
511,112623,4.0,4.0,0.0,0.0
511,122916,4.0,4.5,0.5,0.5
511,4993,5.0,4.5,-0.5,0.5
511,115149,4.0,4.0,0.0,0.0
512,225,3.0,4.0,1.0,1.0
512,527,5.0,5.0,0.0,0.0
512,380,3.0,3.0,0.0,0.0
512,589,3.0,4.0,1.0,1.0
512,296,5.0,5.0,0.0,0.0
513,6145,2.0,2.0,0.0,0.0
513,1080,3.0,4.0,1.0,1.0
513,2174,3.5,3.5,0.0,0.0
513,1210,4.0,4.0,0.0,0.0
513,318,5.0,4.5,-0.5,0.5
514,1978,2.0,2.5,0.5,0.5
514,6979,5.0,3.5,-1.5,1.5
514,4396,2.5,2.5,0.0,0.0
514,1234,4.5,4.0,-0.5,0.5
514,1320,1.5,3.0,1.5,1.5
515,33794,5.0,5.0,0.0,0.0
515,112552,5.0,5.0,0.0,0.0
515,50,4.5,5.0,0.5,0.5
515,176371,5.0,5.0,0.0,0.0
515,58559,5.0,5.0,0.0,0.0
516,1198,4.0,4.0,0.0,0.0
516,4027,4.0,4.0,0.0,0.0
516,260,5.0,4.0,-1.0,1.0
516,4361,3.0,3.5,0.5,0.5
516,2021,2.0,3.5,1.5,1.5
517,3948,2.0,2.5,0.5,0.5
517,30825,1.0,0.5,-0.5,0.5
517,520,1.5,1.5,0.0,0.0
517,3967,4.5,3.0,-1.5,1.5
517,1219,1.0,2.5,1.5,1.5
518,1372,4.0,3.5,-0.5,0.5
518,3101,3.0,3.0,0.0,0.0
518,24,2.5,3.0,0.5,0.5
518,3753,2.5,3.5,1.0,1.0
518,1747,4.0,3.5,-0.5,0.5
519,4025,5.0,4.0,-1.0,1.0
519,51935,5.0,4.5,-0.5,0.5
519,318,5.0,5.0,0.0,0.0
519,134393,4.0,4.0,0.0,0.0
519,5989,4.0,4.5,0.5,0.5
520,3751,4.0,4.0,0.0,0.0
520,8972,4.0,4.0,0.0,0.0
520,34405,5.0,4.0,-1.0,1.0
520,3000,4.0,4.0,0.0,0.0
520,2997,4.0,4.0,0.0,0.0
521,140,3.0,3.5,0.5,0.5
521,103,3.0,3.0,0.0,0.0
521,95,3.0,3.0,0.0,0.0
521,694,3.0,3.0,0.0,0.0
521,18,4.0,4.0,0.0,0.0
522,4963,4.5,4.5,0.0,0.0
522,419,0.5,3.0,2.5,2.5
522,1193,4.0,4.5,0.5,0.5
522,70286,4.5,4.0,-0.5,0.5
522,46976,3.5,4.0,0.5,0.5
523,356,4.5,5.0,0.5,0.5
523,103141,4.0,5.0,1.0,1.0
523,745,3.0,5.0,2.0,2.0
523,2,4.5,4.5,0.0,0.0
523,8970,5.0,5.0,0.0,0.0
524,485,4.0,3.0,-1.0,1.0
524,367,5.0,3.0,-2.0,2.0
524,151,5.0,4.0,-1.0,1.0
524,235,4.0,4.0,0.0,0.0
524,1254,3.0,4.0,1.0,1.0
525,58998,4.0,3.5,-0.5,0.5
525,1220,4.0,4.0,0.0,0.0
525,63992,1.5,2.5,1.0,1.0
525,3489,3.5,3.5,0.0,0.0
525,2048,3.5,3.5,0.0,0.0
526,215,5.0,4.0,-1.0,1.0
526,608,4.5,4.5,0.0,0.0
526,51255,4.5,4.0,-0.5,0.5
526,1961,4.0,4.0,0.0,0.0
526,92259,5.0,4.5,-0.5,0.5
527,2471,5.0,3.0,-2.0,2.0
527,2657,5.0,4.0,-1.0,1.0
527,2057,4.0,4.0,0.0,0.0
527,1374,5.0,4.0,-1.0,1.0
527,2450,5.0,3.0,-2.0,2.0
528,356,5.0,4.0,-1.0,1.0
528,88125,1.0,4.0,3.0,3.0
528,2002,3.5,3.0,-0.5,0.5
528,1,2.5,4.0,1.5,1.5
528,3821,2.0,2.0,0.0,0.0
529,141,3.0,3.0,0.0,0.0
529,733,5.0,4.0,-1.0,1.0
529,1,3.0,4.0,1.0,1.0
529,788,3.0,3.0,0.0,0.0
529,648,3.0,3.0,0.0,0.0
530,349,4.0,4.0,0.0,0.0
530,440,4.0,4.0,0.0,0.0
530,350,3.0,3.0,0.0,0.0
530,586,3.0,3.0,0.0,0.0
530,11,4.0,4.0,0.0,0.0
531,10,4.0,3.5,-0.5,0.5
531,1961,5.0,4.0,-1.0,1.0
531,1215,2.0,4.0,2.0,2.0
531,260,5.0,5.0,0.0,0.0
531,2640,3.0,4.0,1.0,1.0
532,707,4.0,4.0,0.0,0.0
532,2571,5.0,4.5,-0.5,0.5
532,1953,4.0,4.5,0.5,0.5
532,4210,5.0,4.5,-0.5,0.5
532,1213,5.0,4.5,-0.5,0.5
533,103688,5.0,4.5,-0.5,0.5
533,125914,3.0,3.0,0.0,0.0
533,1215,5.0,5.0,0.0,0.0
533,2571,5.0,4.5,-0.5,0.5
533,80831,5.0,4.5,-0.5,0.5
534,58297,4.0,4.0,0.0,0.0
534,2167,4.5,4.0,-0.5,0.5
534,44,4.0,3.5,-0.5,0.5
534,5816,4.0,4.0,0.0,0.0
534,2089,4.0,4.0,0.0,0.0
535,2860,3.0,1.0,-2.0,2.0
535,2671,3.0,3.0,0.0,0.0
535,2762,5.0,3.5,-1.5,1.5
535,2688,2.0,1.0,-1.0,1.0
535,2573,1.0,1.0,0.0,0.0
536,350,3.0,3.0,0.0,0.0
536,332,5.0,3.0,-2.0,2.0
536,329,3.0,3.0,0.0,0.0
536,419,3.0,3.0,0.0,0.0
536,196,1.0,3.0,2.0,2.0
537,69844,4.0,4.5,0.5,0.5
537,98961,4.0,4.5,0.5,0.5
537,69481,3.5,4.0,0.5,0.5
537,104841,3.0,4.0,1.0,1.0
537,58559,3.5,4.5,1.0,1.0
538,3671,4.5,4.5,0.0,0.0
538,2918,4.5,4.5,0.0,0.0
538,595,5.0,4.5,-0.5,0.5
538,56152,4.5,4.5,0.0,0.0
538,80549,4.5,4.5,0.0,0.0
539,59784,4.5,4.0,-0.5,0.5
539,71535,5.0,4.0,-1.0,1.0
539,379,2.0,3.0,1.0,1.0
539,2329,3.5,4.0,0.5,0.5
539,31878,0.5,3.5,3.0,3.0
540,4239,4.0,4.0,0.0,0.0
540,2028,5.0,4.5,-0.5,0.5
540,1196,5.0,4.5,-0.5,0.5
540,4886,3.5,4.0,0.5,0.5
540,589,4.5,4.0,-0.5,0.5
541,590,5.0,4.0,-1.0,1.0
541,1,3.0,4.0,1.0,1.0
541,293,3.0,4.0,1.0,1.0
541,253,4.0,3.0,-1.0,1.0
541,153,3.0,3.0,0.0,0.0
542,6541,0.5,3.0,2.5,2.5
542,318,5.0,4.5,-0.5,0.5
542,2858,4.5,4.0,-0.5,0.5
542,5481,0.5,0.5,0.0,0.0
542,596,4.5,3.5,-1.0,1.0
543,267,5.0,4.0,-1.0,1.0
543,2858,5.0,5.0,0.0,0.0
543,588,5.0,5.0,0.0,0.0
543,135,5.0,5.0,0.0,0.0
543,4886,5.0,5.0,0.0,0.0
544,1,3.0,4.5,1.5,1.5
544,694,4.0,4.0,0.0,0.0
544,116,5.0,5.0,0.0,0.0
544,3,3.0,4.0,1.0,1.0
544,780,5.0,5.0,0.0,0.0
545,2763,4.0,4.0,0.0,0.0
545,1960,3.0,4.0,1.0,1.0
545,44,2.5,3.0,0.5,0.5
545,1911,3.0,3.0,0.0,0.0
545,3991,3.5,3.0,-0.5,0.5
546,3917,4.0,4.0,0.0,0.0
546,3942,5.0,5.0,0.0,0.0
546,70,5.0,4.0,-1.0,1.0
546,3354,4.0,3.0,-1.0,1.0
546,366,3.0,3.0,0.0,0.0
547,541,5.0,5.0,0.0,0.0
547,2917,4.0,4.5,0.5,0.5
547,2858,5.0,5.0,0.0,0.0
547,1131,4.0,4.5,0.5,0.5
547,1299,2.0,4.0,2.0,2.0
548,2571,5.0,4.5,-0.5,0.5
548,6874,4.5,4.0,-0.5,0.5
548,69,5.0,4.5,-0.5,0.5
548,125916,2.0,1.0,-1.0,1.0
548,3578,4.0,4.0,0.0,0.0
549,110,3.0,4.0,1.0,1.0
549,58559,4.0,4.0,0.0,0.0
549,5952,3.5,4.0,0.5,0.5
549,260,2.0,4.0,2.0,2.0
549,1198,4.5,4.0,-0.5,0.5
550,77561,4.0,4.0,0.0,0.0
550,134130,4.0,4.0,0.0,0.0
550,68954,4.5,4.5,0.0,0.0
550,116797,4.5,4.0,-0.5,0.5
550,1,4.0,4.0,0.0,0.0
551,1608,4.0,3.0,-1.0,1.0
551,5952,2.0,4.0,2.0,2.0
551,6365,4.0,3.5,-0.5,0.5
551,91535,3.5,3.5,0.0,0.0
551,296,3.5,4.0,0.5,0.5
552,6503,2.0,1.5,-0.5,0.5
552,4638,1.0,2.5,1.5,1.5
552,527,4.0,4.0,0.0,0.0
552,442,1.5,3.0,1.5,1.5
552,2161,1.5,3.5,2.0,2.0
553,2231,5.0,4.5,-0.5,0.5
553,6,5.0,4.5,-0.5,0.5
553,1483,5.0,4.0,-1.0,1.0
553,2353,4.0,4.0,0.0,0.0
553,1213,5.0,4.5,-0.5,0.5
554,1358,3.0,4.0,1.0,1.0
554,1947,5.0,4.0,-1.0,1.0
554,1088,5.0,4.0,-1.0,1.0
554,718,5.0,5.0,0.0,0.0
554,1517,2.0,4.0,2.0,2.0
555,1985,2.0,2.0,0.0,0.0
555,4084,3.0,3.0,0.0,0.0
555,3388,3.0,3.0,0.0,0.0
555,785,5.0,4.0,-1.0,1.0
555,4012,3.0,3.0,0.0,0.0
556,122890,4.0,4.0,0.0,0.0
556,56171,4.0,4.0,0.0,0.0
556,93363,4.0,4.0,0.0,0.0
556,69844,3.5,4.0,0.5,0.5
556,7153,4.0,4.0,0.0,0.0
557,648,5.0,4.0,-1.0,1.0
557,1291,4.0,4.0,0.0,0.0
557,1036,5.0,4.0,-1.0,1.0
557,2700,0.5,4.0,3.5,3.5
557,10,4.5,4.0,-0.5,0.5
558,94,3.0,4.0,1.0,1.0
558,593,4.0,5.0,1.0,1.0
558,4306,5.0,4.0,-1.0,1.0
558,1721,4.0,4.0,0.0,0.0
558,2568,5.0,4.0,-1.0,1.0
559,592,3.0,3.0,0.0,0.0
559,374,1.0,2.5,1.5,1.5
559,196,3.0,3.0,0.0,0.0
559,667,2.0,3.0,1.0,1.0
559,273,3.0,3.0,0.0,0.0
560,49530,3.5,3.5,0.0,0.0
560,1127,4.0,3.5,-0.5,0.5
560,60069,4.0,4.0,0.0,0.0
560,7317,3.0,3.5,0.5,0.5
560,4720,4.0,3.5,-0.5,0.5
561,2416,3.5,2.5,-1.0,1.0
561,4993,5.0,4.0,-1.0,1.0
561,122922,2.5,3.5,1.0,1.0
561,1210,4.5,4.0,-0.5,0.5
561,6754,2.5,3.5,1.0,1.0
562,82041,4.5,4.5,0.0,0.0
562,2003,4.5,4.0,-0.5,0.5
562,356,5.0,4.5,-0.5,0.5
562,7293,4.0,4.0,0.0,0.0
562,539,4.5,4.0,-0.5,0.5
563,899,4.5,4.0,-0.5,0.5
563,114762,3.5,3.0,-0.5,0.5
563,7169,3.0,3.5,0.5,0.5
563,111617,3.5,3.5,0.0,0.0
563,61250,1.5,3.0,1.5,1.5
564,109372,3.0,3.0,0.0,0.0
564,46976,2.5,4.0,1.5,1.5
564,115617,1.0,4.0,3.0,3.0
564,128520,5.0,4.0,-1.0,1.0
564,96079,3.0,4.0,1.0,1.0
565,592,2.0,3.0,1.0,1.0
565,367,3.0,3.0,0.0,0.0
565,318,4.0,4.0,0.0,0.0
565,509,4.0,4.0,0.0,0.0
565,165,3.0,4.0,1.0,1.0
566,17,5.0,4.0,-1.0,1.0
566,553,1.0,4.0,3.0,3.0
566,203,4.0,3.0,-1.0,1.0
566,2,4.0,3.0,-1.0,1.0
566,265,5.0,4.0,-1.0,1.0
567,114396,1.5,1.5,0.0,0.0
567,110655,1.5,1.5,0.0,0.0
567,162606,1.0,2.0,1.0,1.0
567,148881,5.0,3.5,-1.5,1.5
567,4993,3.0,3.0,0.0,0.0
568,3053,4.0,4.0,0.0,0.0
568,1257,4.0,4.0,0.0,0.0
568,50,5.0,4.5,-0.5,0.5
568,1104,5.0,4.5,-0.5,0.5
568,3261,3.0,4.0,1.0,1.0
569,10,4.0,4.0,0.0,0.0
569,590,4.0,4.0,0.0,0.0
569,480,4.0,4.0,0.0,0.0
569,50,3.0,4.5,1.5,1.5
569,329,5.0,4.0,-1.0,1.0
570,3114,3.5,4.0,0.5,0.5
570,1196,4.0,4.0,0.0,0.0
570,3994,3.5,3.5,0.0,0.0
570,920,2.5,3.5,1.0,1.0
570,778,4.0,4.0,0.0,0.0
571,1644,3.0,2.0,-1.0,1.0
571,2149,1.0,1.0,0.0,0.0
571,328,2.0,2.0,0.0,0.0
571,1976,3.0,2.0,-1.0,1.0
571,1924,5.0,3.0,-2.0,2.0
572,1387,5.0,5.0,0.0,0.0
572,3037,5.0,5.0,0.0,0.0
572,912,5.0,5.0,0.0,0.0
572,904,5.0,5.0,0.0,0.0
572,2336,5.0,4.5,-0.5,0.5
573,88140,4.0,4.5,0.5,0.5
573,69526,1.5,3.0,1.5,1.5
573,5989,4.0,4.5,0.5,0.5
573,153,1.5,4.0,2.5,2.5
573,1527,4.5,4.5,0.0,0.0
574,344,5.0,4.0,-1.0,1.0
574,296,3.0,4.5,1.5,1.5
574,47,5.0,4.0,-1.0,1.0
574,292,4.0,4.0,0.0,0.0
574,410,2.0,4.0,2.0,2.0
575,2629,3.0,3.0,0.0,0.0
575,2541,3.0,3.0,0.0,0.0
575,2583,4.0,4.0,0.0,0.0
575,2605,3.0,3.0,0.0,0.0
575,2558,3.0,2.5,-0.5,0.5
576,29,3.5,4.0,0.5,0.5
576,2723,4.0,3.0,-1.0,1.0
576,2580,4.5,3.5,-1.0,1.0
576,327,2.5,3.0,0.5,0.5
576,1261,3.0,4.0,1.0,1.0
577,2028,5.0,4.0,-1.0,1.0
577,2058,3.0,3.0,0.0,0.0
577,2804,4.0,4.0,0.0,0.0
577,1213,4.0,4.0,0.0,0.0
577,1939,5.0,4.0,-1.0,1.0
578,7323,4.0,4.5,0.5,0.5
578,49772,5.0,4.0,-1.0,1.0
578,7395,4.0,4.0,0.0,0.0
578,75446,2.5,2.5,0.0,0.0
578,613,3.0,4.0,1.0,1.0
579,48,4.0,4.0,0.0,0.0
579,3114,5.0,4.0,-1.0,1.0
579,838,5.0,4.0,-1.0,1.0
579,1,4.0,5.0,1.0,1.0
579,1608,5.0,4.0,-1.0,1.0
580,36517,4.0,4.0,0.0,0.0
580,1148,3.0,4.0,1.0,1.0
580,5502,4.5,3.5,-1.0,1.0
580,6305,2.5,3.5,1.0,1.0
580,6879,3.0,3.5,0.5,0.5
581,5816,5.0,4.0,-1.0,1.0
581,4993,4.5,4.5,0.0,0.0
581,4973,3.5,4.5,1.0,1.0
581,7361,5.0,4.5,-0.5,0.5
581,2324,4.5,4.5,0.0,0.0
582,260,4.0,4.0,0.0,0.0
582,4226,4.0,4.5,0.5,0.5
582,85414,2.5,4.0,1.5,1.5
582,49272,4.5,4.0,-0.5,0.5
582,68358,4.5,4.0,-0.5,0.5
583,39,5.0,3.0,-2.0,2.0
583,317,4.0,3.0,-1.0,1.0
583,7293,4.0,3.5,-0.5,0.5
583,1688,3.0,3.0,0.0,0.0
583,2485,2.0,3.0,1.0,1.0
584,237,5.0,4.0,-1.0,1.0
584,1,5.0,4.0,-1.0,1.0
584,204,4.0,4.0,0.0,0.0
584,252,4.0,4.0,0.0,0.0
584,186,5.0,4.0,-1.0,1.0
585,16,5.0,4.5,-0.5,0.5
585,296,5.0,4.5,-0.5,0.5
585,7445,4.5,4.0,-0.5,0.5
585,3275,4.0,4.5,0.5,0.5
585,1213,5.0,4.5,-0.5,0.5
586,110130,4.0,5.0,1.0,1.0
586,553,4.5,4.5,0.0,0.0
586,5445,4.0,4.5,0.5,0.5
586,45499,5.0,4.0,-1.0,1.0
586,116823,4.5,4.5,0.0,0.0
587,3037,5.0,5.0,0.0,0.0
587,2470,4.0,4.0,0.0,0.0
587,2874,4.0,4.0,0.0,0.0
587,1230,5.0,4.0,-1.0,1.0
587,2108,4.0,4.0,0.0,0.0
588,3,3.0,3.0,0.0,0.0
588,21,3.0,3.0,0.0,0.0
588,318,5.0,4.5,-0.5,0.5
588,147,3.0,3.0,0.0,0.0
588,185,1.0,3.0,2.0,2.0
589,373,4.0,4.0,0.0,0.0
589,350,3.0,4.0,1.0,1.0
589,342,4.0,4.0,0.0,0.0
589,529,3.0,4.0,1.0,1.0
589,161,3.0,4.0,1.0,1.0
590,355,2.0,2.0,0.0,0.0
590,2617,3.5,2.5,-1.0,1.0
590,2529,5.0,4.0,-1.0,1.0
590,4874,3.0,3.5,0.5,0.5
590,5816,3.5,3.5,0.0,0.0
591,2706,3.0,3.0,0.0,0.0
591,3793,4.0,4.0,0.0,0.0
591,3717,4.0,3.0,-1.0,1.0
591,2490,2.0,3.0,1.0,1.0
591,3510,3.0,3.0,0.0,0.0
592,317,4.0,3.5,-0.5,0.5
592,173,3.0,3.0,0.0,0.0
592,380,5.0,4.0,-1.0,1.0
592,514,3.0,4.0,1.0,1.0
592,2,4.0,4.0,0.0,0.0
593,1086,3.5,4.0,0.5,0.5
593,3793,3.0,3.0,0.0,0.0
593,2959,4.0,4.0,0.0,0.0
593,1721,4.0,3.0,-1.0,1.0
593,1476,4.0,3.5,-0.5,0.5
594,8132,4.5,4.0,-0.5,0.5
594,990,4.5,4.0,-0.5,0.5
594,110,5.0,4.5,-0.5,0.5
594,5620,4.5,4.5,0.0,0.0
594,165,4.5,4.0,-0.5,0.5
595,50,5.0,5.0,0.0,0.0
595,2628,4.0,4.0,0.0,0.0
595,2353,4.0,4.0,0.0,0.0
595,265,5.0,4.5,-0.5,0.5
595,1278,5.0,4.5,-0.5,0.5
596,5481,2.5,3.0,0.5,0.5
596,1046,4.0,4.0,0.0,0.0
596,1704,4.0,4.0,0.0,0.0
596,122918,4.0,4.0,0.0,0.0
596,133645,4.0,4.0,0.0,0.0
597,2407,4.0,4.0,0.0,0.0
597,1204,5.0,5.0,0.0,0.0
597,648,4.0,4.0,0.0,0.0
597,2523,3.0,3.0,0.0,0.0
597,708,3.0,4.0,1.0,1.0
598,593,0.5,4.0,3.5,3.5
598,113829,5.0,5.0,0.0,0.0
598,103543,5.0,4.0,-1.0,1.0
598,1197,2.5,4.0,1.5,1.5
598,8360,1.0,4.0,3.0,3.0
599,26562,3.0,3.0,0.0,0.0
599,613,2.5,2.5,0.0,0.0
599,64993,3.5,3.0,-0.5,0.5
599,3267,2.0,3.0,1.0,1.0
599,145,3.0,3.0,0.0,0.0
600,2405,3.5,3.0,-0.5,0.5
600,1701,4.0,3.5,-0.5,0.5
600,53024,3.0,3.5,0.5,0.5
600,1240,3.0,3.0,0.0,0.0
600,2193,5.0,3.5,-1.5,1.5
601,112556,4.0,4.0,0.0,0.0
601,48780,4.5,4.5,0.0,0.0
601,72378,4.0,3.5,-0.5,0.5
601,72998,4.0,4.0,0.0,0.0
601,6377,5.0,4.5,-0.5,0.5
602,457,5.0,4.0,-1.0,1.0
602,316,3.0,3.0,0.0,0.0
602,494,4.0,3.0,-1.0,1.0
602,95,3.0,3.0,0.0,0.0
602,198,3.0,3.0,0.0,0.0
603,369,4.0,4.0,0.0,0.0
603,1191,4.0,4.0,0.0,0.0
603,3531,5.0,5.0,0.0,0.0
603,97,4.0,4.0,0.0,0.0
603,112,4.0,3.0,-1.0,1.0
604,442,4.0,3.0,-1.0,1.0
604,272,4.0,4.0,0.0,0.0
604,332,3.0,3.0,0.0,0.0
604,224,3.0,4.0,1.0,1.0
604,223,4.0,4.0,0.0,0.0
605,7293,2.0,3.5,1.5,1.5
605,27706,2.5,3.0,0.5,0.5
605,3114,3.5,4.0,0.5,0.5
605,52435,3.0,3.5,0.5,0.5
605,533,4.0,3.0,-1.0,1.0
606,1483,2.5,3.5,1.0,1.0
606,594,3.5,4.0,0.5,0.5
606,46578,4.0,4.0,0.0,0.0
606,6466,4.0,3.5,-0.5,0.5
606,8033,4.0,4.0,0.0,0.0
607,4069,3.0,3.0,0.0,0.0
607,1374,1.0,4.0,3.0,3.0
607,1097,5.0,4.0,-1.0,1.0
607,2797,4.0,4.0,0.0,0.0
607,3253,2.0,3.5,1.5,1.5
608,4677,3.5,3.5,0.0,0.0
608,42738,4.0,3.5,-0.5,0.5
608,1755,4.5,4.0,-0.5,0.5
608,4034,4.5,4.0,-0.5,0.5
608,923,3.5,4.0,0.5,0.5
609,356,4.0,4.0,0.0,0.0
609,296,4.0,4.0,0.0,0.0
609,137,3.0,3.0,0.0,0.0
609,786,3.0,3.0,0.0,0.0
609,1150,4.0,4.0,0.0,0.0
610,7202,3.0,3.0,0.0,0.0
610,53996,3.0,3.5,0.5,0.5
610,4725,4.0,4.0,0.0,0.0
610,69516,3.0,3.0,0.0,0.0
610,152372,3.5,3.5,0.0,0.0
